"","jcf7180004244401_pilon:4908","jcf7180004244415_pilon:12967","jcf7180004245409_pilon:98533","jcf7180004247325_pilon:959","jcf7180004247850_pilon:20783","jcf7180004247850_pilon:20786","jcf7180004249300_pilon:25692","jcf7180004249451_pilon:6888","jcf7180004249456_pilon:15782","jcf7180004249456_pilon:15820","jcf7180004249500_pilon:154710","jcf7180004249938_pilon:31834","jcf7180004250951_pilon:5208","jcf7180004251346_pilon:12054","jcf7180004251613_pilon:423","jcf7180004251622_pilon:67718","jcf7180004252001_pilon:38068","jcf7180004253577_pilon:6841","jcf7180004255181_pilon:4817","jcf7180004255244_pilon:10671","jcf7180004256018_pilon:113959","jcf7180004256482_pilon:1478","jcf7180004257595_pilon:341","jcf7180004259254_pilon:221","jcf7180004259254_pilon:231","jcf7180004259647_pilon:144047","jcf7180004259833_pilon:22159","jcf7180004260094_pilon:19668","jcf7180004260237_pilon:312818","jcf7180004260237_pilon:491843","jcf7180004260884_pilon:35396","jcf7180004260980_pilon:5015","jcf7180004261246_pilon:428","jcf7180004261854_pilon:9654","jcf7180004262486_pilon:27697","jcf7180004263061_pilon:7448","jcf7180004263481_pilon:7533","jcf7180004264603_pilon:164144","jcf7180004265288_pilon:337","jcf7180004270672_pilon:12160","jcf7180004276410_pilon:1074","jcf7180004277728_pilon:18191","jcf7180004278280_pilon:3090","jcf7180004278280_pilon:3108","jcf7180004283519_pilon:27334","jcf7180004283519_pilon:27337","jcf7180004286946_pilon:1695","jcf7180004286946_pilon:1706","jcf7180004288113_pilon:497","jcf7180004288415_pilon:159364","jcf7180004289272_pilon:31675","jcf7180004289272_pilon:37178","jcf7180004289763_pilon:372","jcf7180004297911_pilon:3798","jcf7180004297911_pilon:3968","jcf7180004297911_pilon:4002","jcf7180004297972_pilon:103809","jcf7180004297972_pilon:103861","jcf7180004297972_pilon:103924","jcf7180004299552_pilon:530","jcf7180004299674_pilon:290","jcf7180004300993_pilon:294","jcf7180004300993_pilon:485","jcf7180004301810_pilon:63111","jcf7180004303108_pilon:116","jcf7180004303108_pilon:127","jcf7180004303108_pilon:209","jcf7180004310608_pilon:4023","jcf7180004312170_pilon:93168","jcf7180004312418_pilon:10454","jcf7180004312817_pilon:6317","jcf7180004314328_pilon:23512","jcf7180004315836_pilon:342","jcf7180004315917_pilon:766","jcf7180004316123_pilon:16782","jcf7180004320274_pilon:12695","jcf7180004321181_pilon:446","jcf7180004325850_pilon:11627","jcf7180004325850_pilon:11640","jcf7180004325850_pilon:11733","jcf7180004326912_pilon:24627","jcf7180004332460_pilon:2561","jcf7180004332647_pilon:4177","jcf7180004334600_pilon:6625","jcf7180004338807_pilon:2527","jcf7180004339246_pilon:8896","jcf7180004340700_pilon:81008","jcf7180004340700_pilon:81033","jcf7180004341712_pilon:275","jcf7180004348854_pilon:12291","jcf7180004348854_pilon:12323","jcf7180004348854_pilon:12440","jcf7180004351301_pilon:934","jcf7180004351301_pilon:1116","jcf7180004361353_pilon:6769","jcf7180004362377_pilon:25401","jcf7180004363446_pilon:11530","jcf7180004363446_pilon:11539","jcf7180004363446_pilon:11543","jcf7180004363446_pilon:11559","jcf7180004364646_pilon:25458","jcf7180004364646_pilon:25571","jcf7180004364939_pilon:5978","jcf7180004365127_pilon:22927","jcf7180004365131_pilon:11147","jcf7180004365131_pilon:11270","jcf7180004365134_pilon:75302","jcf7180004365158_pilon:5987","jcf7180004365186_pilon:21190","jcf7180004365186_pilon:21216","jcf7180004365201_pilon:28503","jcf7180004365216_pilon:12672","jcf7180004365219_pilon:10837","jcf7180004365231_pilon:7970","jcf7180004365322_pilon:25749","jcf7180004365375_pilon:13692","jcf7180004365381_pilon:22318","jcf7180004365384_pilon:27986","jcf7180004365405_pilon:12281","jcf7180004365542_pilon:10392","jcf7180004365591_pilon:90092","jcf7180004365607_pilon:14137","jcf7180004365625_pilon:1720","jcf7180004365657_pilon:13992","jcf7180004365657_pilon:14176","jcf7180004365666_pilon:6302","jcf7180004365670_pilon:22838","jcf7180004365698_pilon:51134","jcf7180004365827_pilon:7994","jcf7180004365888_pilon:8354","jcf7180004365891_pilon:2100","jcf7180004365931_pilon:44830","jcf7180004366034_pilon:1550","jcf7180004366050_pilon:6589","jcf7180004366129_pilon:21393","jcf7180004366141_pilon:24356","jcf7180004366181_pilon:15037","jcf7180004366190_pilon:15962","jcf7180004366194_pilon:18289","jcf7180004366217_pilon:2189","jcf7180004366219_pilon:29796","jcf7180004366261_pilon:7390","jcf7180004366270_pilon:1213","jcf7180004366323_pilon:27027","jcf7180004366327_pilon:5686","jcf7180004366365_pilon:46809","jcf7180004366388_pilon:20309","jcf7180004366431_pilon:7255","jcf7180004366451_pilon:23437","jcf7180004366463_pilon:23586","jcf7180004366463_pilon:23606","jcf7180004366470_pilon:6917","jcf7180004366594_pilon:216","jcf7180004366594_pilon:226","jcf7180004366657_pilon:45120","jcf7180004366703_pilon:2734","jcf7180004366712_pilon:12478","jcf7180004366760_pilon:15181","jcf7180004366826_pilon:4222","jcf7180004366855_pilon:32537","jcf7180004366900_pilon:31950","jcf7180004366963_pilon:47697","jcf7180004366994_pilon:58227","jcf7180004367009_pilon:5125","jcf7180004367082_pilon:12602","jcf7180004367095_pilon:52124","jcf7180004367118_pilon:19831","jcf7180004367158_pilon:8249","jcf7180004367200_pilon:16717","jcf7180004367230_pilon:4777","jcf7180004367234_pilon:23432","jcf7180004367281_pilon:19186","jcf7180004367341_pilon:33484","jcf7180004367351_pilon:29880","jcf7180004367421_pilon:7367","jcf7180004367424_pilon:27097","jcf7180004367538_pilon:25226","jcf7180004367547_pilon:1584","jcf7180004367560_pilon:130","jcf7180004367589_pilon:1802","jcf7180004367641_pilon:3415","jcf7180004367825_pilon:18527","jcf7180004367825_pilon:28814","jcf7180004367835_pilon:18153","jcf7180004367857_pilon:18777","jcf7180004367874_pilon:32961","jcf7180004367874_pilon:33018","jcf7180004367876_pilon:34440","jcf7180004367890_pilon:4394","jcf7180004367911_pilon:14430","jcf7180004367929_pilon:23682","jcf7180004367985_pilon:8247","jcf7180004367985_pilon:8385","jcf7180004368103_pilon:29900","jcf7180004368124_pilon:39815","jcf7180004368155_pilon:15721","jcf7180004368287_pilon:45178","jcf7180004368301_pilon:29466","jcf7180004368416_pilon:25217","jcf7180004368556_pilon:3533","jcf7180004368559_pilon:6158","jcf7180004368559_pilon:6354","jcf7180004368614_pilon:129267","jcf7180004368719_pilon:15189","jcf7180004368788_pilon:32343","jcf7180004368793_pilon:31871","jcf7180004368853_pilon:3210","jcf7180004368866_pilon:6299","jcf7180004368866_pilon:6439","jcf7180004369015_pilon:12863","jcf7180004369023_pilon:6308","jcf7180004369023_pilon:6384","jcf7180004369023_pilon:6514","jcf7180004369093_pilon:5839","jcf7180004369097_pilon:37251","jcf7180004369101_pilon:47824","jcf7180004369232_pilon:28863","jcf7180004369273_pilon:3096","jcf7180004369407_pilon:4191","jcf7180004369426_pilon:21852","jcf7180004369426_pilon:21857","jcf7180004369426_pilon:21967","jcf7180004369444_pilon:6016","jcf7180004369444_pilon:6024","jcf7180004369521_pilon:78693","jcf7180004369545_pilon:43381","jcf7180004369613_pilon:72096","jcf7180004369749_pilon:9153","jcf7180004369749_pilon:9177","jcf7180004369762_pilon:32854","jcf7180004369764_pilon:24000","jcf7180004369780_pilon:950","jcf7180004369819_pilon:26920","jcf7180004369819_pilon:26939","jcf7180004369834_pilon:9315","jcf7180004369834_pilon:9355","jcf7180004369873_pilon:4249","jcf7180004369910_pilon:21948","jcf7180004369938_pilon:14505","jcf7180004369949_pilon:23018","jcf7180004369992_pilon:14298","jcf7180004370067_pilon:6102","jcf7180004370199_pilon:21669","jcf7180004370204_pilon:1570","jcf7180004370215_pilon:11522","jcf7180004370215_pilon:11527","jcf7180004370220_pilon:11736","jcf7180004370243_pilon:5309","jcf7180004370244_pilon:2871","jcf7180004370265_pilon:11931","jcf7180004370365_pilon:1535","jcf7180004370369_pilon:4673","jcf7180004370369_pilon:4679","jcf7180004370369_pilon:4691","jcf7180004370369_pilon:4710","jcf7180004370390_pilon:10166","jcf7180004370390_pilon:10769","jcf7180004370395_pilon:3637","jcf7180004370408_pilon:1655","jcf7180004370440_pilon:9416","jcf7180004370467_pilon:9552","jcf7180004370484_pilon:12073","jcf7180004370484_pilon:12081","jcf7180004370484_pilon:12083","jcf7180004370510_pilon:2753","jcf7180004370774_pilon:700","jcf7180004370774_pilon:750","jcf7180004371030_pilon:2385","jcf7180004371083_pilon:421","jcf7180004372771_pilon:16726","jcf7180004372771_pilon:16824","jcf7180004373282_pilon:1415","jcf7180004374368_pilon:12332","jcf7180004375660_pilon:3583","jcf7180004375966_pilon:3106","jcf7180004376090_pilon:29761","jcf7180004376199_pilon:30319","jcf7180004379033_pilon:1883","jcf7180004379809_pilon:42640","jcf7180004379824_pilon:51428","jcf7180004380347_pilon:6680","jcf7180004381133_pilon:2084","jcf7180004381282_pilon:16176","jcf7180004381282_pilon:16327","jcf7180004381432_pilon:19978","jcf7180004381462_pilon:59110","jcf7180004381530_pilon:16979","jcf7180004381530_pilon:16996","jcf7180004381613_pilon:18542","jcf7180004381617_pilon:41589","jcf7180004381617_pilon:41627","jcf7180004381617_pilon:41659","jcf7180004381617_pilon:41700","jcf7180004381617_pilon:41766","jcf7180004381667_pilon:19010","jcf7180004381672_pilon:11378","jcf7180004381672_pilon:51948","jcf7180004381679_pilon:11172","jcf7180004381679_pilon:11197","jcf7180004381679_pilon:11212","jcf7180004381693_pilon:24803","jcf7180004381703_pilon:50769","jcf7180004381703_pilon:58176","jcf7180004381735_pilon:110568","jcf7180004381739_pilon:34776","jcf7180004381739_pilon:35009","jcf7180004381753_pilon:6373","jcf7180004381764_pilon:9192","jcf7180004381765_pilon:44778","jcf7180004381782_pilon:11919","jcf7180004381800_pilon:37453","jcf7180004381806_pilon:24371","jcf7180004381834_pilon:19390","jcf7180004381852_pilon:114574","jcf7180004381852_pilon:124877","jcf7180004381860_pilon:3277","jcf7180004381862_pilon:30149","jcf7180004381884_pilon:22012","jcf7180004381903_pilon:10227","jcf7180004381923_pilon:12065","jcf7180004381953_pilon:27019","jcf7180004381963_pilon:25433","jcf7180004381974_pilon:12461","jcf7180004381981_pilon:7288","jcf7180004381989_pilon:27435","jcf7180004381995_pilon:23422","jcf7180004382006_pilon:9775","jcf7180004382011_pilon:7731","jcf7180004382031_pilon:12526","jcf7180004382048_pilon:31333","jcf7180004382052_pilon:29443","jcf7180004382059_pilon:18204","jcf7180004382083_pilon:135648","jcf7180004382091_pilon:2751","jcf7180004382095_pilon:103733","jcf7180004382108_pilon:18506","jcf7180004382141_pilon:131788","jcf7180004382141_pilon:187529","jcf7180004382146_pilon:26092","jcf7180004382178_pilon:7797","jcf7180004382225_pilon:10451","jcf7180004382233_pilon:30939","jcf7180004382257_pilon:15670","jcf7180004382257_pilon:15697","jcf7180004382285_pilon:13652","jcf7180004382287_pilon:3735","jcf7180004382344_pilon:53836","jcf7180004382409_pilon:235326","jcf7180004382426_pilon:15250","jcf7180004382427_pilon:14527","jcf7180004382427_pilon:14589","jcf7180004382438_pilon:149699","jcf7180004382438_pilon:261323","jcf7180004382467_pilon:76478","jcf7180004382467_pilon:76535","jcf7180004382467_pilon:76572","jcf7180004382467_pilon:78327","jcf7180004382487_pilon:106196","jcf7180004382487_pilon:106279","jcf7180004382487_pilon:216514","jcf7180004382535_pilon:4334","jcf7180004382563_pilon:21167","jcf7180004382617_pilon:19491","jcf7180004382619_pilon:9867","jcf7180004382620_pilon:88529","jcf7180004382667_pilon:6253","jcf7180004382727_pilon:17154","jcf7180004382727_pilon:98910","jcf7180004382731_pilon:19725","jcf7180004382737_pilon:26625","jcf7180004382749_pilon:2092","jcf7180004382762_pilon:5515","jcf7180004382762_pilon:26263","jcf7180004382770_pilon:2717","jcf7180004382770_pilon:2761","jcf7180004382789_pilon:37233","jcf7180004382801_pilon:23918","jcf7180004382801_pilon:24124","jcf7180004382844_pilon:7895","jcf7180004382865_pilon:4754","jcf7180004382874_pilon:110853","jcf7180004382874_pilon:119356","jcf7180004382890_pilon:2379","jcf7180004382890_pilon:2408","jcf7180004382894_pilon:72454","jcf7180004382894_pilon:72459","jcf7180004382895_pilon:9199","jcf7180004382895_pilon:9334","jcf7180004382972_pilon:7778","jcf7180004383025_pilon:42047","jcf7180004383050_pilon:5987","jcf7180004383061_pilon:82848","jcf7180004383101_pilon:20726","jcf7180004383101_pilon:48898","jcf7180004383111_pilon:2406","jcf7180004383139_pilon:143186","jcf7180004383145_pilon:6588","jcf7180004383160_pilon:192592","jcf7180004383164_pilon:13011","jcf7180004383177_pilon:79188","jcf7180004383177_pilon:79200","jcf7180004383177_pilon:79236","jcf7180004383193_pilon:543","jcf7180004383243_pilon:3765","jcf7180004383245_pilon:125768","jcf7180004383245_pilon:125923","jcf7180004383263_pilon:48681","jcf7180004383270_pilon:7725","jcf7180004383280_pilon:6821","jcf7180004383283_pilon:143966","jcf7180004383284_pilon:1403","jcf7180004383284_pilon:1441","jcf7180004383344_pilon:786","jcf7180004383345_pilon:21299","jcf7180004383405_pilon:148080","jcf7180004383441_pilon:8371","jcf7180004383520_pilon:10516","jcf7180004383520_pilon:10581","jcf7180004383520_pilon:10593","jcf7180004383568_pilon:6587","jcf7180004383568_pilon:6788","jcf7180004383604_pilon:4978","jcf7180004383615_pilon:37295","jcf7180004383672_pilon:1370","jcf7180004383726_pilon:20673","jcf7180004383726_pilon:20680","jcf7180004383727_pilon:191888","jcf7180004383820_pilon:4992","jcf7180004383820_pilon:5009","jcf7180004383849_pilon:3500","jcf7180004383857_pilon:56143","jcf7180004383857_pilon:59934","jcf7180004383883_pilon:26301","jcf7180004383948_pilon:62680","jcf7180004383983_pilon:1664","jcf7180004384032_pilon:13163","jcf7180004384117_pilon:7452","jcf7180004384117_pilon:7454","jcf7180004384117_pilon:7482","jcf7180004384117_pilon:7485","jcf7180004384121_pilon:4135","jcf7180004384242_pilon:44318","jcf7180004384275_pilon:166712","jcf7180004384299_pilon:5889","jcf7180004384311_pilon:27331","jcf7180004384311_pilon:27440","jcf7180004384366_pilon:2017","jcf7180004384386_pilon:998","jcf7180004384401_pilon:8885","jcf7180004384445_pilon:71028","jcf7180004384445_pilon:260451","jcf7180004384469_pilon:2650","jcf7180004384492_pilon:8097","jcf7180004384532_pilon:2339","jcf7180004384590_pilon:10519","jcf7180004384592_pilon:20959","jcf7180004384656_pilon:3293","jcf7180004384656_pilon:3370","jcf7180004384672_pilon:12902","jcf7180004384692_pilon:40270","jcf7180004384699_pilon:12935","jcf7180004384731_pilon:5816","jcf7180004384731_pilon:5949","jcf7180004384780_pilon:7299","jcf7180004384904_pilon:18627","jcf7180004384941_pilon:28016","jcf7180004384941_pilon:28036","jcf7180004384962_pilon:9918","jcf7180004385059_pilon:20144","jcf7180004385108_pilon:2581","jcf7180004385108_pilon:2589","jcf7180004385108_pilon:2706","jcf7180004385126_pilon:474971","jcf7180004385152_pilon:2584","jcf7180004385177_pilon:22847","jcf7180004385202_pilon:15832","jcf7180004385222_pilon:32443","jcf7180004385271_pilon:39099","jcf7180004385271_pilon:57606","jcf7180004385271_pilon:57609","jcf7180004385271_pilon:57662","jcf7180004385284_pilon:2842","jcf7180004385316_pilon:79676","jcf7180004385344_pilon:63980","jcf7180004385358_pilon:71634","jcf7180004385358_pilon:209368","jcf7180004385380_pilon:4108","jcf7180004385387_pilon:4861","jcf7180004385390_pilon:67585","jcf7180004385390_pilon:67598","jcf7180004385476_pilon:1896","jcf7180004385544_pilon:17168","jcf7180004385558_pilon:16195","jcf7180004385671_pilon:29296","jcf7180004385713_pilon:4407","jcf7180004385777_pilon:10012","jcf7180004385818_pilon:11299","jcf7180004385835_pilon:29585","jcf7180004385835_pilon:43980","jcf7180004385835_pilon:108139","jcf7180004385880_pilon:164","jcf7180004385880_pilon:310","jcf7180004385899_pilon:13392","jcf7180004385908_pilon:3015","jcf7180004385946_pilon:5456","jcf7180004385946_pilon:5498","jcf7180004385973_pilon:765","jcf7180004385997_pilon:4974","jcf7180004386035_pilon:24205","jcf7180004386131_pilon:143304","jcf7180004386205_pilon:11314","jcf7180004386205_pilon:40834","jcf7180004386214_pilon:24566","jcf7180004386237_pilon:12176","jcf7180004386299_pilon:8176","jcf7180004386299_pilon:8296","jcf7180004386339_pilon:26584","jcf7180004386365_pilon:5726","jcf7180004386380_pilon:139","jcf7180004386380_pilon:289","jcf7180004386419_pilon:569","jcf7180004386446_pilon:116099","jcf7180004386517_pilon:36283","jcf7180004386559_pilon:9538","jcf7180004386559_pilon:44764","jcf7180004386559_pilon:47312","jcf7180004386575_pilon:52014","jcf7180004386591_pilon:504","jcf7180004386709_pilon:17061","jcf7180004386791_pilon:207136","jcf7180004386792_pilon:4686","jcf7180004386805_pilon:18544","jcf7180004386839_pilon:70496","jcf7180004386839_pilon:70533","jcf7180004386839_pilon:119392","jcf7180004386855_pilon:39397","jcf7180004386855_pilon:92180","jcf7180004386992_pilon:1323","jcf7180004386992_pilon:1392","jcf7180004387005_pilon:10618","jcf7180004387043_pilon:39047","jcf7180004387088_pilon:3839","jcf7180004387092_pilon:3141","jcf7180004387196_pilon:55788","jcf7180004387251_pilon:1559","jcf7180004387328_pilon:4903","jcf7180004387373_pilon:4728","jcf7180004387411_pilon:3375","jcf7180004387452_pilon:54729","jcf7180004387467_pilon:3698","jcf7180004387476_pilon:6725","jcf7180004387476_pilon:6902","jcf7180004387501_pilon:2080","jcf7180004387501_pilon:2239","jcf7180004387626_pilon:11022","jcf7180004387626_pilon:11052","jcf7180004387627_pilon:27223","jcf7180004387860_pilon:38316","jcf7180004387860_pilon:38376","jcf7180004387872_pilon:3290","jcf7180004387963_pilon:3543","jcf7180004388035_pilon:101629","jcf7180004388077_pilon:63557","jcf7180004388101_pilon:14417","jcf7180004388101_pilon:14575","jcf7180004388164_pilon:21848","jcf7180004388220_pilon:139215","jcf7180004388234_pilon:2164","jcf7180004388238_pilon:9356","jcf7180004388238_pilon:9542","jcf7180004388238_pilon:9547","jcf7180004388243_pilon:3364","jcf7180004388316_pilon:477784","jcf7180004388334_pilon:9104","jcf7180004388334_pilon:9141","jcf7180004388339_pilon:4131","jcf7180004388358_pilon:6502","jcf7180004388364_pilon:16653","jcf7180004388474_pilon:70625","jcf7180004388528_pilon:5960","jcf7180004388550_pilon:201567","jcf7180004388550_pilon:201808","jcf7180004388550_pilon:268134","jcf7180004388630_pilon:2753","jcf7180004388698_pilon:77604","jcf7180004388789_pilon:27806","jcf7180004388910_pilon:177","jcf7180004388979_pilon:4776","jcf7180004388980_pilon:94921","jcf7180004388980_pilon:142476","jcf7180004388995_pilon:32930","jcf7180004388995_pilon:32943","jcf7180004389035_pilon:21283","jcf7180004389050_pilon:9288","jcf7180004389102_pilon:11036","jcf7180004389145_pilon:94458","jcf7180004389145_pilon:94494","jcf7180004389148_pilon:14944","jcf7180004389167_pilon:110121","jcf7180004389174_pilon:16247","jcf7180004389217_pilon:333","jcf7180004389297_pilon:43580","jcf7180004389351_pilon:58385","jcf7180004389351_pilon:58521","jcf7180004389352_pilon:24723","jcf7180004389358_pilon:17746","jcf7180004389358_pilon:17846","jcf7180004389358_pilon:41830","jcf7180004389363_pilon:11558","jcf7180004389363_pilon:11625","jcf7180004389365_pilon:28042","jcf7180004389368_pilon:95069","jcf7180004389368_pilon:95075","jcf7180004389372_pilon:26592","jcf7180004389391_pilon:12153","jcf7180004389408_pilon:7801","jcf7180004389410_pilon:7220","jcf7180004389416_pilon:21772","jcf7180004389442_pilon:22643","jcf7180004389446_pilon:986614","jcf7180004389455_pilon:24341","jcf7180004389455_pilon:42089","jcf7180004389506_pilon:7189","jcf7180004389585_pilon:468344","jcf7180004389585_pilon:601264","jcf7180004389585_pilon:734887","jcf7180004389612_pilon:3439","jcf7180004389628_pilon:2834","jcf7180004389680_pilon:62223","jcf7180004389695_pilon:117788","jcf7180004389695_pilon:117880","jcf7180004389753_pilon:54807","jcf7180004389790_pilon:58265","jcf7180004389859_pilon:49915","jcf7180004389883_pilon:79865","jcf7180004389894_pilon:188071","jcf7180004389918_pilon:19635","jcf7180004389918_pilon:37601","jcf7180004389918_pilon:37675","jcf7180004389928_pilon:55906","jcf7180004389942_pilon:19996","jcf7180004389957_pilon:40362","jcf7180004389958_pilon:64690","jcf7180004389958_pilon:64752","jcf7180004389972_pilon:13376","jcf7180004389997_pilon:22585","jcf7180004390030_pilon:39148","jcf7180004390090_pilon:44663","jcf7180004390090_pilon:44712","jcf7180004390231_pilon:241740","jcf7180004390268_pilon:34139","jcf7180004390275_pilon:27915","jcf7180004390301_pilon:23472","jcf7180004390301_pilon:23691","jcf7180004390303_pilon:6864","jcf7180004390303_pilon:6909","jcf7180004390359_pilon:12623","jcf7180004390406_pilon:37043","jcf7180004390437_pilon:9548","jcf7180004390470_pilon:2184","jcf7180004390511_pilon:30954","jcf7180004390561_pilon:5872","jcf7180004390561_pilon:5952","jcf7180004390562_pilon:13115","jcf7180004390568_pilon:58273","jcf7180004390577_pilon:2962","jcf7180004390597_pilon:10702","jcf7180004390618_pilon:405802","jcf7180004390633_pilon:159183","jcf7180004390633_pilon:178012","jcf7180004390637_pilon:9466","jcf7180004390654_pilon:51385","jcf7180004390693_pilon:166967","jcf7180004390693_pilon:309374","jcf7180004390693_pilon:326778","jcf7180004390693_pilon:404263","jcf7180004390709_pilon:29751","jcf7180004390709_pilon:55384","jcf7180004390709_pilon:95193","jcf7180004390719_pilon:4259","jcf7180004390724_pilon:71968","jcf7180004390727_pilon:131248","jcf7180004390741_pilon:10704","jcf7180004390754_pilon:4034","jcf7180004390758_pilon:317261","jcf7180004390758_pilon:317318","jcf7180004390776_pilon:612074","jcf7180004390776_pilon:814227","jcf7180004390809_pilon:102260","jcf7180004390809_pilon:133928","jcf7180004390823_pilon:38441","jcf7180004390838_pilon:36271","jcf7180004390847_pilon:204630","jcf7180004390850_pilon:50787","jcf7180004390850_pilon:50972","jcf7180004390852_pilon:11270","jcf7180004390860_pilon:27680","jcf7180004390882_pilon:42235","jcf7180004390952_pilon:4354","jcf7180004390971_pilon:2426","jcf7180004390971_pilon:2432","jcf7180004390971_pilon:2515","jcf7180004390979_pilon:7192","jcf7180004390981_pilon:23641","jcf7180004390981_pilon:155526","jcf7180004390986_pilon:571121","jcf7180004390990_pilon:189194","jcf7180004390990_pilon:189328","jcf7180004391002_pilon:2363","jcf7180004391002_pilon:2368","jcf7180004391009_pilon:48701","jcf7180004391020_pilon:40219","jcf7180004391020_pilon:104313","jcf7180004391028_pilon:36458","jcf7180004391033_pilon:43824","jcf7180004391038_pilon:49034","jcf7180004391042_pilon:46601","jcf7180004391042_pilon:46686","jcf7180004391042_pilon:46729","jcf7180004391073_pilon:69259","jcf7180004391073_pilon:487241","jcf7180004391077_pilon:58104","jcf7180004391078_pilon:48648","jcf7180004391078_pilon:48690","jcf7180004391081_pilon:239213","jcf7180004391081_pilon:419291","jcf7180004391083_pilon:83385","jcf7180004391088_pilon:74248","jcf7180004391088_pilon:74331","jcf7180004391124_pilon:205088","jcf7180004391124_pilon:242722","jcf7180004391125_pilon:219957","jcf7180004391136_pilon:156790","jcf7180004391138_pilon:196344","jcf7180004391140_pilon:300275","jcf7180004391143_pilon:19720","jcf7180004391157_pilon:635351","jcf7180004391157_pilon:1461943","jcf7180004391158_pilon:233936","jcf7180004391158_pilon:557141","jcf7180004391158_pilon:557256","jcf7180004391158_pilon:1852639","jcf7180004391159_pilon:133171","jcf7180004391159_pilon:148716","jcf7180004391159_pilon:268600","jcf7180004391193_pilon:28390","jcf7180004391222_pilon:28270","jcf7180004391230_pilon:88988","jcf7180004391230_pilon:89001","jcf7180004391230_pilon:173575","jcf7180004391321_pilon:2178","jcf7180004391349_pilon:42506","jcf7180004391349_pilon:42585","jcf7180004391408_pilon:125","jcf7180004391408_pilon:231","jcf7180004391442_pilon:52544","jcf7180004391545_pilon:6843","jcf7180004391573_pilon:189750","jcf7180004391622_pilon:373767","jcf7180004391673_pilon:3503","jcf7180004391722_pilon:83148","jcf7180004391722_pilon:83165","jcf7180004391722_pilon:94800","jcf7180004391724_pilon:2409","jcf7180004391796_pilon:251271","jcf7180004391801_pilon:31900","jcf7180004391854_pilon:329145","jcf7180004391854_pilon:573726","jcf7180004391877_pilon:6084","jcf7180004391913_pilon:36699","jcf7180004391919_pilon:87748","jcf7180004391927_pilon:42603","jcf7180004391927_pilon:104015","jcf7180004391927_pilon:289856","jcf7180004392030_pilon:102790","jcf7180004392033_pilon:7799","jcf7180004392045_pilon:7840","jcf7180004392045_pilon:50118","jcf7180004392133_pilon:65728","jcf7180004392133_pilon:65772","jcf7180004392172_pilon:50412","jcf7180004392172_pilon:83585","jcf7180004392225_pilon:45977","jcf7180004392283_pilon:11332","jcf7180004392378_pilon:88467","jcf7180004392378_pilon:283038","jcf7180004392420_pilon:7333","jcf7180004392421_pilon:12087","jcf7180004392421_pilon:13871","jcf7180004392441_pilon:57095","jcf7180004392445_pilon:62579","jcf7180004392445_pilon:231648","jcf7180004392448_pilon:2706","jcf7180004392482_pilon:59398","jcf7180004392560_pilon:79819","jcf7180004392597_pilon:128183","jcf7180004392601_pilon:251609","jcf7180004392601_pilon:251678","jcf7180004392609_pilon:14078","jcf7180004392631_pilon:52554","jcf7180004392687_pilon:59088","jcf7180004392687_pilon:59275","jcf7180004392704_pilon:38723","jcf7180004392790_pilon:174389","jcf7180004392860_pilon:5539","jcf7180004392879_pilon:46817","jcf7180004393000_pilon:2071","jcf7180004393000_pilon:2170","jcf7180004393026_pilon:2098","jcf7180004393026_pilon:3000","jcf7180004393114_pilon:2785","jcf7180004393114_pilon:5644","jcf7180004393143_pilon:44493","jcf7180004393187_pilon:17446","jcf7180004393203_pilon:88493","jcf7180004393299_pilon:265032","jcf7180004393306_pilon:3633","jcf7180004393323_pilon:51111","jcf7180004393361_pilon:28476","jcf7180004393362_pilon:198337","jcf7180004393366_pilon:66896","jcf7180004393369_pilon:95137","jcf7180004393369_pilon:146190","jcf7180004393369_pilon:214513","jcf7180004393388_pilon:812993","jcf7180004393388_pilon:1028062","jcf7180004393396_pilon:25994","jcf7180004393396_pilon:25997","jcf7180004393433_pilon:34490","jcf7180004393473_pilon:10762","jcf7180004393476_pilon:54829","jcf7180004393523_pilon:323029","jcf7180004393530_pilon:70798","jcf7180004393580_pilon:195078","jcf7180004393587_pilon:6643","jcf7180004393587_pilon:6645","jcf7180004393587_pilon:28702","jcf7180004393667_pilon:18391","jcf7180004393672_pilon:72765","jcf7180004393676_pilon:4085","jcf7180004393676_pilon:4126","jcf7180004393681_pilon:60924","jcf7180004393694_pilon:100071","jcf7180004393694_pilon:407651","jcf7180004393694_pilon:477021","jcf7180004393732_pilon:55397","jcf7180004393738_pilon:27857","jcf7180004393772_pilon:166042","jcf7180004393792_pilon:41252","jcf7180004393800_pilon:13574","jcf7180004393802_pilon:44681","jcf7180004393802_pilon:563548","jcf7180004393802_pilon:607682","jcf7180004393802_pilon:1186188","jcf7180004393802_pilon:1255427","jcf7180004393802_pilon:1255440","jcf7180004393806_pilon:75530","jcf7180004393816_pilon:176354","jcf7180004393827_pilon:88229","jcf7180004393827_pilon:227532","jcf7180004393827_pilon:280893","jcf7180004393831_pilon:52850","jcf7180004393833_pilon:20173","jcf7180004393839_pilon:141800","jcf7180004393844_pilon:65935","jcf7180004393849_pilon:8628","jcf7180004393864_pilon:58623","jcf7180004393878_pilon:34484","jcf7180004393893_pilon:70200","jcf7180004393893_pilon:70417","jcf7180004393967_pilon:109516","jcf7180004393976_pilon:78885","jcf7180004393981_pilon:8705","jcf7180004393983_pilon:99954","jcf7180004394009_pilon:8521","jcf7180004394023_pilon:10173","jcf7180004394027_pilon:30803","jcf7180004394038_pilon:6367","jcf7180004394059_pilon:12317","jcf7180004394076_pilon:79632","jcf7180004394076_pilon:179979","jcf7180004394133_pilon:27754","jcf7180004394151_pilon:37291","jcf7180004394154_pilon:46108","jcf7180004394175_pilon:76317","jcf7180004394284_pilon:3448","jcf7180004394284_pilon:3544","jcf7180004394284_pilon:3549","jcf7180004394287_pilon:71303","jcf7180004394288_pilon:109650","jcf7180004394291_pilon:154102","jcf7180004394317_pilon:126747","jcf7180004394320_pilon:786","jcf7180004394332_pilon:108114","jcf7180004394363_pilon:100449","jcf7180004394363_pilon:167797","jcf7180004394364_pilon:69929","jcf7180004394366_pilon:20062","jcf7180004394366_pilon:82247","jcf7180004394377_pilon:1200609","jcf7180004394388_pilon:8070","jcf7180004394395_pilon:90021","jcf7180004394408_pilon:82322","jcf7180004394408_pilon:82329","jcf7180004394408_pilon:82342","jcf7180004394419_pilon:192486","jcf7180004394426_pilon:8534","jcf7180004394426_pilon:104374","jcf7180004394428_pilon:39283","jcf7180004394439_pilon:43004","jcf7180004394447_pilon:107853","jcf7180004394447_pilon:161238","jcf7180004394450_pilon:297569","jcf7180004394450_pilon:353008","jcf7180004394450_pilon:415096","jcf7180004394450_pilon:590102","jcf7180004394463_pilon:176830","jcf7180004394463_pilon:228188","jcf7180004394464_pilon:101586","jcf7180004394467_pilon:52861","jcf7180004394488_pilon:23491","jcf7180004394488_pilon:23574","jcf7180004394498_pilon:36901","jcf7180004394514_pilon:94690","jcf7180004394530_pilon:20312","jcf7180004394533_pilon:260622","jcf7180004394556_pilon:147962","jcf7180004394572_pilon:137347","jcf7180004394572_pilon:147171","jcf7180004394572_pilon:147309","jcf7180004394585_pilon:48240","jcf7180004394608_pilon:10862","jcf7180004394622_pilon:779","jcf7180004394639_pilon:72748","jcf7180004394664_pilon:21888","jcf7180004394664_pilon:124595","jcf7180004394670_pilon:400489","jcf7180004394681_pilon:79532","jcf7180004394687_pilon:6828","jcf7180004394687_pilon:6880","jcf7180004394691_pilon:190044","jcf7180004394691_pilon:190079","jcf7180004394711_pilon:181031","jcf7180004394731_pilon:14545","jcf7180004394744_pilon:44305","jcf7180004394753_pilon:119392","jcf7180004394760_pilon:51569","jcf7180004394765_pilon:193726","jcf7180004394771_pilon:12388","jcf7180004394784_pilon:118163","jcf7180004394793_pilon:127822","jcf7180004394849_pilon:10966","jcf7180004394900_pilon:26552","jcf7180004394902_pilon:229582","jcf7180004394903_pilon:24926","jcf7180004394908_pilon:25477","jcf7180004394912_pilon:448293","jcf7180004394912_pilon:448416","jcf7180004394912_pilon:448457","jcf7180004394919_pilon:129279","jcf7180004394919_pilon:472828","jcf7180004394925_pilon:29470","jcf7180004394930_pilon:677985","jcf7180004394933_pilon:52084","jcf7180004394933_pilon:52126","jcf7180004394935_pilon:2625","jcf7180004394937_pilon:149660","jcf7180004394948_pilon:73529","jcf7180004394967_pilon:650025","jcf7180004394969_pilon:153794","jcf7180004394993_pilon:118475","jcf7180004395012_pilon:103384","jcf7180004395012_pilon:103400","jcf7180004395015_pilon:320044","jcf7180004395016_pilon:124521","jcf7180004395021_pilon:52876","jcf7180004395021_pilon:52882","jcf7180004395021_pilon:52888","jcf7180004395026_pilon:236020","jcf7180004395040_pilon:185931","jcf7180004395043_pilon:151826","jcf7180004395052_pilon:140015","jcf7180004395059_pilon:1761","jcf7180004395080_pilon:32670","jcf7180004395081_pilon:11999","jcf7180004395081_pilon:12056","jcf7180004395081_pilon:33502","jcf7180004395081_pilon:33506","jcf7180004395081_pilon:33535","jcf7180004395081_pilon:33548","jcf7180004395083_pilon:161924","jcf7180004395083_pilon:211149","jcf7180004395086_pilon:185844","jcf7180004395086_pilon:185884","jcf7180004395086_pilon:367071","jcf7180004395118_pilon:155949","jcf7180004395124_pilon:54820","jcf7180004395124_pilon:72877","jcf7180004395124_pilon:73072","jcf7180004395129_pilon:61573","jcf7180004395168_pilon:5717","jcf7180004395168_pilon:5724","jcf7180004395168_pilon:5734","jcf7180004395182_pilon:289176","jcf7180004395186_pilon:439737","jcf7180004395186_pilon:566259","jcf7180004395186_pilon:646627","jcf7180004395186_pilon:875273","jcf7180004395186_pilon:921812","jcf7180004395194_pilon:69483","jcf7180004395194_pilon:118118","jcf7180004395194_pilon:133459","jcf7180004395194_pilon:565800","jcf7180004395196_pilon:183766","jcf7180004395215_pilon:38593","jcf7180004395215_pilon:129876","jcf7180004395216_pilon:791308","jcf7180004395221_pilon:49971","jcf7180004395221_pilon:78255","jcf7180004395222_pilon:32658","jcf7180004395222_pilon:374991","jcf7180004395222_pilon:484749","jcf7180004395237_pilon:51191","jcf7180004395242_pilon:284752","jcf7180004395243_pilon:830170","jcf7180004395243_pilon:830191","jcf7180004395243_pilon:830223","jcf7180004395244_pilon:8488","jcf7180004395245_pilon:81471","jcf7180004395245_pilon:303271","jcf7180004395245_pilon:418388","jcf7180004395249_pilon:163023","jcf7180004395265_pilon:243003","jcf7180004395265_pilon:621823","jcf7180004395265_pilon:1531719","jcf7180004395268_pilon:193947","jcf7180004395270_pilon:73563","jcf7180004395270_pilon:73576","jcf7180004395271_pilon:15857","jcf7180004395279_pilon:99109","jcf7180004395282_pilon:12286","jcf7180004395292_pilon:227970","jcf7180004395292_pilon:552203","jcf7180004395292_pilon:552234","jcf7180004395292_pilon:769409","jcf7180004395292_pilon:774912","jcf7180004395295_pilon:57055","jcf7180004395302_pilon:155689","jcf7180004395302_pilon:373432","jcf7180004395307_pilon:261276","jcf7180004395324_pilon:202005","jcf7180004395329_pilon:23814","jcf7180004395330_pilon:200156","jcf7180004395331_pilon:20684","jcf7180004395339_pilon:422897","jcf7180004395356_pilon:143357","jcf7180004395359_pilon:12908","jcf7180004395363_pilon:101805","jcf7180004395363_pilon:104735","jcf7180004395363_pilon:364272","jcf7180004395367_pilon:37827","jcf7180004395367_pilon:37963","jcf7180004395371_pilon:149308","jcf7180004395378_pilon:74849","jcf7180004395381_pilon:84308","jcf7180004395383_pilon:188286","jcf7180004395388_pilon:796090","jcf7180004395388_pilon:882357","jcf7180004395398_pilon:1138552","jcf7180004395398_pilon:1562657","jcf7180004395399_pilon:49571","jcf7180004395403_pilon:53055","jcf7180004395403_pilon:126994","jcf7180004395404_pilon:337597","jcf7180004395412_pilon:459672","jcf7180004395413_pilon:11528","jcf7180004395416_pilon:63184","jcf7180004395416_pilon:106515","jcf7180004395423_pilon:54968","jcf7180004395423_pilon:156868","jcf7180004395423_pilon:156910","jcf7180004395428_pilon:76149","jcf7180004395431_pilon:48738","jcf7180004395431_pilon:48743","jcf7180004395432_pilon:23593","jcf7180004395433_pilon:264456","jcf7180004395433_pilon:365657","jcf7180004395433_pilon:440469","jcf7180004395433_pilon:805212","jcf7180004395436_pilon:102166","jcf7180004395436_pilon:119029","jcf7180004395438_pilon:1056","jcf7180004395438_pilon:176203","jcf7180004395438_pilon:176223","jcf7180004395443_pilon:45689","jcf7180004395443_pilon:245051","jcf7180004395443_pilon:336234","jcf7180004395443_pilon:814229","jcf7180004395443_pilon:902444","jcf7180004395443_pilon:1116050","jcf7180004395445_pilon:295457","jcf7180004395445_pilon:322068","jcf7180004395445_pilon:470624","jcf7180004395447_pilon:313436","jcf7180004395447_pilon:313484","jcf7180004395447_pilon:406927","jcf7180004395447_pilon:407105","jcf7180004395450_pilon:86403","jcf7180004395451_pilon:115916","jcf7180004395452_pilon:131579","jcf7180004395452_pilon:131705","jcf7180004395452_pilon:185795","jcf7180004395454_pilon:127867","jcf7180004395455_pilon:392064","jcf7180004395455_pilon:466714","jcf7180004395455_pilon:466838","jcf7180004395455_pilon:475874","jcf7180004395456_pilon:76463","jcf7180004395459_pilon:76653","jcf7180004395459_pilon:145772","jcf7180004395459_pilon:403488","jcf7180004395459_pilon:403493","jcf7180004395459_pilon:700695","jcf7180004395459_pilon:759450","jcf7180004395459_pilon:759480","jcf7180004395459_pilon:759540","jcf7180004395459_pilon:1029610","jcf7180004395459_pilon:1029614","jcf7180004395459_pilon:1029642","jcf7180004395459_pilon:1029648","jcf7180004395459_pilon:1128452","jcf7180004395461_pilon:282721","jcf7180004395463_pilon:77858","jcf7180004395464_pilon:351968","jcf7180004395464_pilon:352008","jcf7180004395464_pilon:504361","jcf7180004395465_pilon:140080","jcf7180004395466_pilon:151025","jcf7180004395467_pilon:58678","jcf7180004395469_pilon:56820","jcf7180004395469_pilon:269756","jcf7180004395472_pilon:23432","jcf7180004395472_pilon:23485","jcf7180004395472_pilon:23568","jcf7180004395479_pilon:282589","jcf7180004395479_pilon:282779","jcf7180004395481_pilon:236481","jcf7180004395481_pilon:236540","jcf7180004395481_pilon:236555","jcf7180004395481_pilon:307695","jcf7180004395482_pilon:118999","jcf7180004395483_pilon:249132","jcf7180004395483_pilon:249143","jcf7180004395485_pilon:117558","jcf7180004395487_pilon:3230","jcf7180004395491_pilon:71283","jcf7180004395492_pilon:44371","jcf7180004395493_pilon:282426","jcf7180004395493_pilon:282439","jcf7180004395496_pilon:247313","jcf7180004395496_pilon:258335","jcf7180004395497_pilon:42701","jcf7180004395503_pilon:242699","jcf7180004395503_pilon:242711","jcf7180004395503_pilon:569297","jcf7180004395504_pilon:675842","jcf7180004395504_pilon:711441","jcf7180004395506_pilon:301046","jcf7180004395506_pilon:301129","jcf7180004395507_pilon:180790","jcf7180004395510_pilon:126917","jcf7180004395511_pilon:558748","jcf7180004395512_pilon:442039","jcf7180004395515_pilon:113957","jcf7180004395516_pilon:179389","jcf7180004395517_pilon:305688","jcf7180004395517_pilon:353988","jcf7180004395517_pilon:354131","jcf7180004395518_pilon:209615","jcf7180004395521_pilon:291204","jcf7180004395521_pilon:413027","jcf7180004395521_pilon:413055","jcf7180004395521_pilon:448548","jcf7180004395521_pilon:890814","jcf7180004395524_pilon:7707","jcf7180004395525_pilon:91127","jcf7180004395527_pilon:259562","jcf7180004395527_pilon:498750","jcf7180004395532_pilon:38018","jcf7180004395532_pilon:38035","jcf7180004395532_pilon:38043","jcf7180004395533_pilon:95361","jcf7180004395533_pilon:122715","jcf7180004395536_pilon:116252","jcf7180004395536_pilon:221848","jcf7180004395537_pilon:55588","jcf7180004395539_pilon:491197","jcf7180004395540_pilon:222613","jcf7180004395540_pilon:275753","jcf7180004395542_pilon:314990","jcf7180004395542_pilon:315016","jcf7180004395542_pilon:516444","jcf7180004395542_pilon:660402","jcf7180004395548_pilon:238441","jcf7180004395549_pilon:113721","jcf7180004395549_pilon:547661","jcf7180004395551_pilon:129172","jcf7180004395551_pilon:177755","jcf7180004395552_pilon:352595","jcf7180004395553_pilon:16325","jcf7180004395553_pilon:202671","jcf7180004395554_pilon:111593","jcf7180004395556_pilon:31871","jcf7180004395556_pilon:312580","jcf7180004395559_pilon:169000","jcf7180004395559_pilon:229085","jcf7180004395559_pilon:229091","jcf7180004395560_pilon:432791","jcf7180004395562_pilon:134019","jcf7180004395562_pilon:375860","jcf7180004395562_pilon:375880","jcf7180004395568_pilon:36224","jcf7180004395568_pilon:333608","jcf7180004395568_pilon:333618","jcf7180004395568_pilon:333628","jcf7180004395568_pilon:499754","jcf7180004395568_pilon:563694","jcf7180004395572_pilon:138969","jcf7180004395572_pilon:138977","jcf7180004395572_pilon:138981","jcf7180004395573_pilon:30477","jcf7180004395573_pilon:129105","jcf7180004395573_pilon:299267","jcf7180004395574_pilon:434826","jcf7180004395576_pilon:190027","jcf7180004395579_pilon:353883","jcf7180004395579_pilon:501850","jcf7180004395580_pilon:221900","jcf7180004395580_pilon:221906","jcf7180004395584_pilon:381701","jcf7180004395584_pilon:381722","jcf7180004395584_pilon:523326","jcf7180004395585_pilon:107892","jcf7180004395587_pilon:333865","jcf7180004395587_pilon:505737","jcf7180004395587_pilon:731113","jcf7180004395587_pilon:731144","jcf7180004395587_pilon:981584","jcf7180004395587_pilon:983926","jcf7180004395588_pilon:127976","jcf7180004395588_pilon:394127","jcf7180004395589_pilon:219018","jcf7180004395596_pilon:308907","jcf7180004395596_pilon:524678","jcf7180004395598_pilon:449553","jcf7180004395598_pilon:490511","jcf7180004395598_pilon:1054446","jcf7180004395598_pilon:1054496","jcf7180004395598_pilon:1231660","jcf7180004395599_pilon:191335","jcf7180004395602_pilon:417499","jcf7180004395602_pilon:889378","jcf7180004395603_pilon:364920","jcf7180004395604_pilon:268706","jcf7180004395606_pilon:32023","jcf7180004395611_pilon:231410","jcf7180004395611_pilon:243677","jcf7180004395612_pilon:322039","jcf7180004395617_pilon:89770","jcf7180004395617_pilon:298650","jcf7180004395617_pilon:298831","jcf7180004395618_pilon:178299","jcf7180004395620_pilon:16167","jcf7180004395620_pilon:368598","jcf7180004395620_pilon:415173","jcf7180004395621_pilon:40631","jcf7180004395621_pilon:40641","jcf7180004395622_pilon:76061","jcf7180004395622_pilon:76092","jcf7180004395624_pilon:222921","jcf7180004395626_pilon:143408","jcf7180004395626_pilon:708724","jcf7180004395626_pilon:1072099","jcf7180004395626_pilon:1072107","jcf7180004395628_pilon:58612","jcf7180004395628_pilon:70090","jcf7180004395628_pilon:70093","jcf7180004395630_pilon:90662","jcf7180004395634_pilon:59967","jcf7180004395634_pilon:238108","jcf7180004395635_pilon:954565","jcf7180004395654_pilon:207713","jcf7180004395657_pilon:641567","jcf7180004395659_pilon:303237","jcf7180004395659_pilon:572191","jcf7180004395677_pilon:12910","jcf7180004395686_pilon:42143","jcf7180004395698_pilon:96737","jcf7180004395730_pilon:43502","jcf7180004395762_pilon:91478","jcf7180004395764_pilon:68168","jcf7180004395773_pilon:186843","jcf7180004395781_pilon:154536","jcf7180004395795_pilon:23269","jcf7180004395814_pilon:198317","jcf7180004395822_pilon:43061","jcf7180004395830_pilon:629523","jcf7180004395852_pilon:12539","jcf7180004395852_pilon:22945","jcf7180004395878_pilon:21928","jcf7180004395881_pilon:26067","jcf7180004395900_pilon:41612","jcf7180004395901_pilon:49364","jcf7180004395931_pilon:488682","jcf7180004395937_pilon:71935","jcf7180004395937_pilon:71940","jcf7180004395943_pilon:58072","jcf7180004395943_pilon:245365","jcf7180004395944_pilon:4785","jcf7180004395950_pilon:6963","jcf7180004395959_pilon:731074","jcf7180004395959_pilon:905595","jcf7180004395961_pilon:45564","jcf7180004395961_pilon:45597","jcf7180004395961_pilon:54053","jcf7180004395962_pilon:3109","jcf7180004395967_pilon:10071","jcf7180004395977_pilon:984","jcf7180004395977_pilon:1059","jcf7180004395988_pilon:1060","jcf7180004395999_pilon:9788","jcf7180004396001_pilon:34572","jcf7180004396012_pilon:5173","jcf7180004396046_pilon:441176","jcf7180004396054_pilon:24553","jcf7180004396091_pilon:27953","jcf7180004396093_pilon:109131","jcf7180004396108_pilon:120531","jcf7180004396109_pilon:24592","jcf7180004396135_pilon:23418","jcf7180004396135_pilon:23602","jcf7180004396135_pilon:40506","jcf7180004396143_pilon:26106","jcf7180004396143_pilon:365122","jcf7180004396145_pilon:284839","jcf7180004396145_pilon:284843","jcf7180004396150_pilon:28443","jcf7180004396157_pilon:87259","jcf7180004396164_pilon:25750","jcf7180004396168_pilon:70385","jcf7180004396175_pilon:71833","jcf7180004396178_pilon:166078","jcf7180004396191_pilon:141713","jcf7180004396194_pilon:38290","jcf7180004396196_pilon:18957","jcf7180004396201_pilon:63396","jcf7180004396204_pilon:111442","jcf7180004396204_pilon:428429","jcf7180004396204_pilon:474171","jcf7180004396204_pilon:474385","jcf7180004396212_pilon:151575","jcf7180004396212_pilon:449025","jcf7180004396212_pilon:817512","jcf7180004396212_pilon:817605","jcf7180004396216_pilon:1041761","jcf7180004396216_pilon:1041909","jcf7180004396217_pilon:70063","jcf7180004396218_pilon:78453","jcf7180004396218_pilon:101244","jcf7180004396220_pilon:110519","jcf7180004396220_pilon:556659","jcf7180004396233_pilon:370331","jcf7180004396233_pilon:716763","jcf7180004396236_pilon:10997","jcf7180004396239_pilon:7002","jcf7180004396249_pilon:52311","jcf7180004396252_pilon:61095","jcf7180004396252_pilon:79412","jcf7180004396252_pilon:136321","jcf7180004396252_pilon:209943","jcf7180004396261_pilon:140066","jcf7180004396262_pilon:4293","jcf7180004396262_pilon:4308","jcf7180004396275_pilon:65515","jcf7180004396275_pilon:73874","jcf7180004396275_pilon:74016","jcf7180004396275_pilon:163295","jcf7180004396283_pilon:44867","jcf7180004396283_pilon:45042","jcf7180004396283_pilon:161338","jcf7180004396287_pilon:326841","jcf7180004396301_pilon:71495","jcf7180004396328_pilon:49190","jcf7180004396332_pilon:24600","jcf7180004396332_pilon:24713","jcf7180004396351_pilon:53562","jcf7180004396351_pilon:534374","jcf7180004396351_pilon:1491289","jcf7180004396351_pilon:1569682","jcf7180004396368_pilon:8558","jcf7180004396397_pilon:10570","jcf7180004396399_pilon:91324","jcf7180004396399_pilon:100273","jcf7180004396412_pilon:3604","jcf7180004396422_pilon:5158","jcf7180004396422_pilon:5398","jcf7180004396428_pilon:148363","jcf7180004396429_pilon:155585","jcf7180004396429_pilon:162531","jcf7180004396436_pilon:1881532","jcf7180004396436_pilon:2347000","jcf7180004396436_pilon:2368063","jcf7180004396438_pilon:23850","jcf7180004396442_pilon:579673","jcf7180004396444_pilon:252603","jcf7180004396444_pilon:363924","jcf7180004396444_pilon:540101","jcf7180004396444_pilon:540115","jcf7180004396444_pilon:540128","jcf7180004396444_pilon:540800","jcf7180004396444_pilon:583046","jcf7180004396444_pilon:711010","jcf7180004396459_pilon:310479","jcf7180004396459_pilon:384832","jcf7180004396460_pilon:18100","jcf7180004396470_pilon:13467","jcf7180004396487_pilon:17182","jcf7180004396487_pilon:17288","jcf7180004396487_pilon:17324","jcf7180004396490_pilon:306146","jcf7180004396490_pilon:562545","jcf7180004396499_pilon:13182","jcf7180004396504_pilon:9078","jcf7180004396509_pilon:19844","jcf7180004396510_pilon:176031","jcf7180004396510_pilon:258298","jcf7180004396517_pilon:59919","jcf7180004396522_pilon:97733","jcf7180004396522_pilon:180457","jcf7180004396522_pilon:731278","jcf7180004396522_pilon:910771","jcf7180004396522_pilon:976940","jcf7180004396522_pilon:977086","jcf7180004396522_pilon:1733801","jcf7180004396528_pilon:97570","jcf7180004396538_pilon:566782","jcf7180004396539_pilon:26631","jcf7180004396539_pilon:26642","jcf7180004396540_pilon:218862","jcf7180004396556_pilon:249609","jcf7180004396556_pilon:302858","jcf7180004396557_pilon:431712","jcf7180004396562_pilon:79817","jcf7180004396562_pilon:184645","jcf7180004396570_pilon:44169","jcf7180004396570_pilon:129857","jcf7180004396572_pilon:48622","jcf7180004396574_pilon:238991","jcf7180004396574_pilon:443508","jcf7180004396575_pilon:261785","jcf7180004396575_pilon:458716","jcf7180004396575_pilon:859548","jcf7180004396575_pilon:1295212","jcf7180004396575_pilon:1492465","jcf7180004396575_pilon:1492498","jcf7180004396575_pilon:1620142","jcf7180004396576_pilon:10431","jcf7180004396576_pilon:73110","jcf7180004396576_pilon:73126","jcf7180004396576_pilon:663267","jcf7180004396578_pilon:1006914","jcf7180004396578_pilon:1006933","jcf7180004396578_pilon:1006948","jcf7180004396609_pilon:15366","jcf7180004396621_pilon:21094","jcf7180004396632_pilon:621840","jcf7180004396632_pilon:621901","jcf7180004396636_pilon:403453","jcf7180004396636_pilon:980269","jcf7180004396643_pilon:8995","jcf7180004396691_pilon:3468","jcf7180004396691_pilon:3497","jcf7180004396694_pilon:12043","jcf7180004396701_pilon:6820","jcf7180004396724_pilon:2672","jcf7180004396725_pilon:75064","jcf7180004396726_pilon:352989","jcf7180004396726_pilon:391318","jcf7180004396726_pilon:391323","jcf7180004396726_pilon:391354","jcf7180004396764_pilon:177683","jcf7180004396770_pilon:42214","jcf7180004396772_pilon:161952","jcf7180004396776_pilon:51852","jcf7180004396776_pilon:51908","jcf7180004396780_pilon:87086","jcf7180004396781_pilon:2546","jcf7180004396781_pilon:2642","jcf7180004396782_pilon:38038","jcf7180004396782_pilon:926579","jcf7180004396782_pilon:998895","jcf7180004396790_pilon:76687","jcf7180004396796_pilon:54969","jcf7180004396802_pilon:266472","jcf7180004396802_pilon:527483","jcf7180004396803_pilon:494554","jcf7180004396803_pilon:494563","jcf7180004396808_pilon:10936","jcf7180004396808_pilon:11122","jcf7180004396808_pilon:233215","jcf7180004396808_pilon:233436","jcf7180004396809_pilon:276014","jcf7180004396809_pilon:290687","jcf7180004396809_pilon:721207","jcf7180004396809_pilon:1185098","jcf7180004396811_pilon:10300","jcf7180004396811_pilon:1245558","jcf7180004396812_pilon:356596","jcf7180004396812_pilon:430667","jcf7180004396812_pilon:492724","jcf7180004396812_pilon:792474","jcf7180004396812_pilon:928336","jcf7180004396812_pilon:939411","jcf7180004396812_pilon:1050798","jcf7180004396812_pilon:1309079","jcf7180004396812_pilon:1344278","jcf7180004396812_pilon:1770675","jcf7180004396812_pilon:1770739","jcf7180004396813_pilon:130585","jcf7180004396813_pilon:150460","jcf7180004396820_pilon:38506","jcf7180004396822_pilon:45929","jcf7180004396822_pilon:251952","jcf7180004396829_pilon:44655","jcf7180004396844_pilon:32630","jcf7180004396844_pilon:32763","jcf7180004396853_pilon:43113","jcf7180004396853_pilon:327046","jcf7180004396877_pilon:21681","jcf7180004396878_pilon:256223","jcf7180004396894_pilon:364594","jcf7180004396894_pilon:364618","jcf7180004396897_pilon:7298","jcf7180004396903_pilon:64210","jcf7180004396938_pilon:11415","jcf7180004396938_pilon:11444","jcf7180004396940_pilon:40389","jcf7180004396943_pilon:122104","jcf7180004396943_pilon:545160","jcf7180004396943_pilon:553638","jcf7180004396943_pilon:716031","jcf7180004396947_pilon:55905","jcf7180004396963_pilon:7967","jcf7180004396970_pilon:245430","jcf7180004396973_pilon:132894","jcf7180004396986_pilon:690348","jcf7180004396986_pilon:1308335","jcf7180004397001_pilon:61311","jcf7180004397002_pilon:37575","jcf7180004397009_pilon:249656","jcf7180004397009_pilon:249732","jcf7180004397009_pilon:533537","jcf7180004397041_pilon:6061","jcf7180004397041_pilon:6078","jcf7180004397072_pilon:15202","jcf7180004397085_pilon:51307","jcf7180004397085_pilon:51551","jcf7180004397093_pilon:7903","jcf7180004397093_pilon:8159","jcf7180004397094_pilon:5412","jcf7180004397096_pilon:194035","jcf7180004397096_pilon:222909","jcf7180004397096_pilon:294993","jcf7180004397121_pilon:29610","jcf7180004397122_pilon:90476","jcf7180004397127_pilon:52996","jcf7180004397133_pilon:234960","jcf7180004397133_pilon:235049","jcf7180004397141_pilon:111966","jcf7180004397147_pilon:51338","jcf7180004397151_pilon:87645","jcf7180004397155_pilon:500615","jcf7180004397156_pilon:243117","jcf7180004397157_pilon:527227","jcf7180004397160_pilon:28659","jcf7180004397161_pilon:112170","jcf7180004397165_pilon:125190","jcf7180004397166_pilon:85246","jcf7180004397166_pilon:248144","jcf7180004397173_pilon:255081","jcf7180004397173_pilon:477310","jcf7180004397173_pilon:526995","jcf7180004397176_pilon:159479","jcf7180004397176_pilon:199760","jcf7180004397180_pilon:38009","jcf7180004397188_pilon:47165","jcf7180004397189_pilon:545321","jcf7180004397189_pilon:585970","jcf7180004397206_pilon:24754","jcf7180004397206_pilon:122117","jcf7180004397207_pilon:768420","jcf7180004397207_pilon:949401","jcf7180004397207_pilon:1127726","jcf7180004397207_pilon:1127739","jcf7180004397207_pilon:1127751","jcf7180004397210_pilon:40648","jcf7180004397210_pilon:40686","jcf7180004397211_pilon:184018","jcf7180004397212_pilon:364572","jcf7180004397215_pilon:373794","jcf7180004397215_pilon:373820","jcf7180004397222_pilon:217603","jcf7180004397222_pilon:511645","jcf7180004397222_pilon:552318","jcf7180004397223_pilon:384703","jcf7180004397223_pilon:595630","jcf7180004397223_pilon:595679","jcf7180004397225_pilon:172364","jcf7180004397225_pilon:515574","jcf7180004397225_pilon:601696","jcf7180004397233_pilon:31185","jcf7180004397233_pilon:298343","jcf7180004397233_pilon:308842","jcf7180004397234_pilon:203143","jcf7180004397236_pilon:286263","jcf7180004397236_pilon:440393","jcf7180004397238_pilon:277715","jcf7180004397238_pilon:422989","jcf7180004397238_pilon:539338","jcf7180004397238_pilon:539346","jcf7180004397242_pilon:906242","jcf7180004397242_pilon:968837","jcf7180004397242_pilon:968957","jcf7180004397242_pilon:1421495","jcf7180004397242_pilon:1511866","jcf7180004397243_pilon:34032","jcf7180004397245_pilon:323119","jcf7180004397245_pilon:323335","jcf7180004397245_pilon:323377","jcf7180004397247_pilon:320458","jcf7180004397248_pilon:65643","jcf7180004397251_pilon:63224","jcf7180004397251_pilon:132777","jcf7180004397255_pilon:638733","jcf7180004397255_pilon:1357759","jcf7180004397259_pilon:71576","jcf7180004397260_pilon:69156","jcf7180004397260_pilon:231755","jcf7180004397262_pilon:532637","jcf7180004397262_pilon:1354991","jcf7180004397267_pilon:367731","jcf7180004397267_pilon:411616","jcf7180004397267_pilon:565355","jcf7180004397272_pilon:98965","jcf7180004397274_pilon:126272","jcf7180004397274_pilon:918320","jcf7180004397274_pilon:1041729","jcf7180004397275_pilon:533658","jcf7180004397279_pilon:92639","jcf7180004397283_pilon:126822","jcf7180004397283_pilon:269061","jcf7180004397284_pilon:621952","jcf7180004397284_pilon:682882","jcf7180004397284_pilon:911783","jcf7180004397284_pilon:911826","jcf7180004397284_pilon:911864","jcf7180004397284_pilon:1474814","jcf7180004397285_pilon:213302","jcf7180004397286_pilon:124205","jcf7180004397286_pilon:124407","jcf7180004397288_pilon:8907","jcf7180004397288_pilon:432072","jcf7180004397288_pilon:462183","jcf7180004397289_pilon:260486","jcf7180004397292_pilon:202303","jcf7180004397292_pilon:239130","jcf7180004397294_pilon:199739","jcf7180004397294_pilon:220204","jcf7180004397294_pilon:421424","jcf7180004397294_pilon:657269","jcf7180004397297_pilon:659620","jcf7180004397297_pilon:875210","jcf7180004397297_pilon:1650563","jcf7180004397298_pilon:734521","jcf7180004397299_pilon:385172","jcf7180004397299_pilon:385177","jcf7180004397302_pilon:372595","jcf7180004397302_pilon:457674","jcf7180004397304_pilon:168234","jcf7180004397304_pilon:805827","jcf7180004397304_pilon:805840","jcf7180004397306_pilon:114092","jcf7180004397307_pilon:55881","jcf7180004397307_pilon:65879","jcf7180004397312_pilon:61230","jcf7180004397314_pilon:85281","jcf7180004397314_pilon:413083","jcf7180004397315_pilon:572610","jcf7180004397317_pilon:651312","jcf7180004397317_pilon:709085","jcf7180004397318_pilon:291514","jcf7180004397318_pilon:291553","jcf7180004397319_pilon:20356","jcf7180004397319_pilon:688173","jcf7180004397321_pilon:603604","jcf7180004397321_pilon:785896","jcf7180004397321_pilon:950461","jcf7180004397321_pilon:950492","jcf7180004397322_pilon:246073","jcf7180004397322_pilon:299651","jcf7180004397322_pilon:299766","jcf7180004397322_pilon:921132","jcf7180004397324_pilon:193387","jcf7180004397324_pilon:493374","jcf7180004397325_pilon:520342","jcf7180004397327_pilon:207316","jcf7180004397327_pilon:423889","jcf7180004397327_pilon:589120","jcf7180004397329_pilon:1345745","jcf7180004397329_pilon:1346041","jcf7180004397329_pilon:1433683","jcf7180004397330_pilon:927610","jcf7180004397331_pilon:190053","jcf7180004397332_pilon:444747","jcf7180004397332_pilon:743347","jcf7180004397333_pilon:57483","jcf7180004397333_pilon:80211","jcf7180004397333_pilon:546638","jcf7180004397333_pilon:546661","jcf7180004397333_pilon:745769","jcf7180004397333_pilon:838632","jcf7180004397334_pilon:138054","jcf7180004397334_pilon:572749","jcf7180004397336_pilon:711370","jcf7180004397336_pilon:1011663","jcf7180004397336_pilon:1011668","jcf7180004397336_pilon:1018146","jcf7180004397336_pilon:1018396","jcf7180004397336_pilon:1141112","jcf7180004397338_pilon:1550690","jcf7180004397338_pilon:1603360","jcf7180004397340_pilon:140371","jcf7180004397340_pilon:437396","jcf7180004397341_pilon:83881","jcf7180004397343_pilon:79871","jcf7180004397345_pilon:215747","jcf7180004397345_pilon:480582","jcf7180004397350_pilon:925151","jcf7180004397350_pilon:1210383","jcf7180004397350_pilon:1493190","jcf7180004397350_pilon:1626209","jcf7180004397351_pilon:489589","jcf7180004397351_pilon:617059","jcf7180004397351_pilon:617187","jcf7180004397351_pilon:1072682","jcf7180004397352_pilon:102534","jcf7180004397352_pilon:360774","jcf7180004397353_pilon:291583","jcf7180004397354_pilon:203178","jcf7180004397354_pilon:246914","jcf7180004397354_pilon:246990","jcf7180004397354_pilon:535741","jcf7180004397355_pilon:173150","jcf7180004397355_pilon:917566","jcf7180004397357_pilon:132197","jcf7180004397359_pilon:81751","jcf7180004397359_pilon:134437","jcf7180004397359_pilon:733872","jcf7180004397359_pilon:734028","jcf7180004397359_pilon:1183191","jcf7180004397359_pilon:1183213","jcf7180004397361_pilon:398590","jcf7180004397361_pilon:474709","jcf7180004397362_pilon:215205","jcf7180004397364_pilon:373496","jcf7180004397364_pilon:1436955","jcf7180004397367_pilon:222000","jcf7180004397367_pilon:580150","jcf7180004397367_pilon:580176","jcf7180004397369_pilon:49162","jcf7180004397369_pilon:694826","jcf7180004397369_pilon:694990","jcf7180004397369_pilon:695000","jcf7180004397369_pilon:1317851","jcf7180004397370_pilon:1908","jcf7180004397370_pilon:1958","jcf7180004397370_pilon:244742","jcf7180004397370_pilon:400209","jcf7180004397372_pilon:48026","jcf7180004397375_pilon:113612","jcf7180004397377_pilon:952428","jcf7180004397379_pilon:419586","jcf7180004397379_pilon:859146","jcf7180004397380_pilon:272195","jcf7180004397380_pilon:301834","jcf7180004397380_pilon:762528","jcf7180004397382_pilon:23176","jcf7180004397382_pilon:527185","jcf7180004397382_pilon:782554","jcf7180004397383_pilon:240270","jcf7180004397383_pilon:433325","jcf7180004397383_pilon:433439","jcf7180004397383_pilon:433443","jcf7180004397383_pilon:433447","jcf7180004397383_pilon:486321","jcf7180004397383_pilon:558002","jcf7180004397383_pilon:934990","jcf7180004397384_pilon:18784","jcf7180004397384_pilon:18915","jcf7180004397384_pilon:31405","jcf7180004397385_pilon:306330","jcf7180004397386_pilon:23692","jcf7180004397387_pilon:651171","jcf7180004397388_pilon:1334758","jcf7180004397390_pilon:243597","jcf7180004397391_pilon:123844","jcf7180004397391_pilon:731042","jcf7180004397391_pilon:919916","jcf7180004397391_pilon:1547561","jcf7180004397392_pilon:95859","jcf7180004397392_pilon:95908","jcf7180004397393_pilon:948629","jcf7180004397396_pilon:27528","jcf7180004397396_pilon:135734","jcf7180004397396_pilon:152096","jcf7180004397396_pilon:152115","jcf7180004397396_pilon:152150","jcf7180004397396_pilon:476320","jcf7180004397396_pilon:583551","jcf7180004397397_pilon:32045","jcf7180004397399_pilon:343564","jcf7180004397399_pilon:343749","jcf7180004397399_pilon:528440","jcf7180004397399_pilon:528453","jcf7180004397399_pilon:649619","jcf7180004397401_pilon:38583","jcf7180004397401_pilon:173661","jcf7180004397402_pilon:397711","jcf7180004397403_pilon:89107","jcf7180004397403_pilon:89167","jcf7180004397403_pilon:272011","jcf7180004397403_pilon:273521","jcf7180004397404_pilon:203656","jcf7180004397405_pilon:279309","jcf7180004397405_pilon:322590","jcf7180004397406_pilon:168128","jcf7180004397407_pilon:517544","jcf7180004397407_pilon:517553","jcf7180004397408_pilon:197294","jcf7180004397408_pilon:460727","jcf7180004397408_pilon:460733","jcf7180004397408_pilon:460739","jcf7180004397409_pilon:436130","jcf7180004397409_pilon:436134","jcf7180004397409_pilon:485732","jcf7180004397410_pilon:553307","jcf7180004397410_pilon:834244","jcf7180004397410_pilon:834252","jcf7180004397412_pilon:134915","jcf7180004397412_pilon:423021","jcf7180004397413_pilon:52942","jcf7180004397413_pilon:60399","jcf7180004397415_pilon:121341","jcf7180004397415_pilon:372348","jcf7180004397416_pilon:2428","jcf7180004397418_pilon:97838","jcf7180004397418_pilon:97845","jcf7180004397418_pilon:241045","jcf7180004397420_pilon:557996","jcf7180004397420_pilon:1218954","jcf7180004397420_pilon:1355864","jcf7180004397421_pilon:501964","jcf7180004397422_pilon:151482","jcf7180004397424_pilon:57051","jcf7180004397424_pilon:285191","jcf7180004397424_pilon:285222","jcf7180004397425_pilon:64647","jcf7180004397425_pilon:64703","jcf7180004397430_pilon:359550","jcf7180004397431_pilon:133393","jcf7180004397431_pilon:496599","jcf7180004397433_pilon:497165","jcf7180004397434_pilon:403499","jcf7180004397434_pilon:403504","jcf7180004397434_pilon:726946","jcf7180004397434_pilon:727039","jcf7180004397435_pilon:86786","jcf7180004397435_pilon:86894","jcf7180004397435_pilon:240053","jcf7180004397435_pilon:1254670","jcf7180004397437_pilon:8334","jcf7180004397437_pilon:610640","jcf7180004397437_pilon:1011397","jcf7180004397437_pilon:1011411","jcf7180004397438_pilon:482556","jcf7180004397438_pilon:482594","jcf7180004397440_pilon:546814","jcf7180004397440_pilon:827099","jcf7180004397443_pilon:316705","jcf7180004397443_pilon:935315","jcf7180004397444_pilon:521184","jcf7180004397444_pilon:756227","jcf7180004397445_pilon:110854","jcf7180004397445_pilon:110888","jcf7180004397445_pilon:234920","jcf7180004397446_pilon:189363","jcf7180004397446_pilon:389515","jcf7180004397446_pilon:389524","jcf7180004397446_pilon:389560","jcf7180004397448_pilon:435088","jcf7180004397448_pilon:562900","jcf7180004397448_pilon:603020","jcf7180004397448_pilon:687405","jcf7180004397449_pilon:343015","jcf7180004397449_pilon:433507","jcf7180004397451_pilon:20545","jcf7180004397451_pilon:20563","jcf7180004397451_pilon:20750","jcf7180004397453_pilon:253625","jcf7180004397454_pilon:446648","jcf7180004397454_pilon:1005312","jcf7180004397456_pilon:266611","jcf7180004397457_pilon:175706","jcf7180004397457_pilon:175842","jcf7180004397457_pilon:436753","jcf7180004397457_pilon:516213","jcf7180004397458_pilon:439196","jcf7180004397458_pilon:439335","jcf7180004397460_pilon:1085928","jcf7180004397460_pilon:1427974","jcf7180004397460_pilon:1600881","jcf7180004397460_pilon:1601056","jcf7180004397460_pilon:1745594","jcf7180004397460_pilon:2193029","jcf7180004397461_pilon:94414","jcf7180004397462_pilon:1149592","jcf7180004397462_pilon:1346560","jcf7180004397463_pilon:272334","jcf7180004397463_pilon:377742","jcf7180004397467_pilon:396062","jcf7180004397467_pilon:944889","jcf7180004397470_pilon:284251","jcf7180004397470_pilon:758664","jcf7180004397471_pilon:654","jcf7180004397472_pilon:180399","jcf7180004397473_pilon:378536","jcf7180004397473_pilon:512201","jcf7180004397473_pilon:526257","jcf7180004397473_pilon:839207","jcf7180004397473_pilon:983628","jcf7180004397475_pilon:197873","jcf7180004397478_pilon:164879","jcf7180004397478_pilon:305211","jcf7180004397478_pilon:704929","jcf7180004397478_pilon:876721","jcf7180004397481_pilon:294890","jcf7180004397482_pilon:181087","jcf7180004397485_pilon:135002","jcf7180004397485_pilon:209701","jcf7180004397485_pilon:243016","jcf7180004397486_pilon:253779","jcf7180004397490_pilon:129091","jcf7180004397493_pilon:33176","jcf7180004397495_pilon:232083","jcf7180004397495_pilon:232133","jcf7180004397495_pilon:232142","jcf7180004397495_pilon:232195","jcf7180004397496_pilon:18984","jcf7180004397496_pilon:221501","jcf7180004397496_pilon:273435","jcf7180004397497_pilon:4456","jcf7180004397497_pilon:217041","jcf7180004397497_pilon:306796","jcf7180004397497_pilon:923948","jcf7180004397497_pilon:1031856","jcf7180004397497_pilon:1065293","jcf7180004397497_pilon:1235832","jcf7180004397497_pilon:1253849","jcf7180004397498_pilon:879981","jcf7180004397501_pilon:338800","jcf7180004397501_pilon:428832","jcf7180004397502_pilon:424937","jcf7180004397503_pilon:226875","jcf7180004397503_pilon:458997","jcf7180004397503_pilon:459021","jcf7180004397504_pilon:246168","jcf7180004397506_pilon:156985","jcf7180004397506_pilon:223994","jcf7180004397507_pilon:547431","jcf7180004397508_pilon:1548529","jcf7180004397508_pilon:1722371","jcf7180004397509_pilon:667134","jcf7180004397509_pilon:1498271","jcf7180004397513_pilon:1214402","jcf7180004397513_pilon:1255362","jcf7180004397513_pilon:1263362","jcf7180004397514_pilon:501648","jcf7180004397514_pilon:501730","jcf7180004397514_pilon:530879","jcf7180004397515_pilon:231566","jcf7180004397515_pilon:231797","jcf7180004397515_pilon:289738","jcf7180004397515_pilon:434099","jcf7180004397515_pilon:434111","jcf7180004397515_pilon:438751","jcf7180004397516_pilon:398143","jcf7180004397516_pilon:596721","jcf7180004397516_pilon:596882","jcf7180004397516_pilon:894809","jcf7180004397518_pilon:424845","jcf7180004397519_pilon:636410","jcf7180004397519_pilon:687585","jcf7180004397519_pilon:1556744","jcf7180004397520_pilon:1188092","jcf7180004397520_pilon:1328419","jcf7180004397520_pilon:1806823","jcf7180004397520_pilon:1904943","jcf7180004397521_pilon:464042","jcf7180004397521_pilon:794344","jcf7180004397521_pilon:1134096","jcf7180004397522_pilon:640920","jcf7180004397523_pilon:726392","jcf7180004397523_pilon:729688","jcf7180004397523_pilon:729718","jcf7180004397523_pilon:729830","jcf7180004397524_pilon:311429","jcf7180004397524_pilon:380773","jcf7180004397524_pilon:519219","jcf7180004397524_pilon:582146","jcf7180004397525_pilon:466707","jcf7180004397526_pilon:1229410","jcf7180004397526_pilon:2171753","jcf7180004397526_pilon:2171832","jcf7180004397526_pilon:2171860","jcf7180004397526_pilon:3198307","jcf7180004397526_pilon:3198328","jcf7180004397528_pilon:131798","jcf7180004397528_pilon:146662","jcf7180004397528_pilon:146725","jcf7180004397528_pilon:179489","jcf7180004397528_pilon:363486","jcf7180004397534_pilon:41175","jcf7180004397534_pilon:114909","jcf7180004397534_pilon:114915","jcf7180004397534_pilon:435940","jcf7180004397534_pilon:720300","jcf7180004397535_pilon:626052","jcf7180004397536_pilon:362338","jcf7180004397536_pilon:465518","jcf7180004397536_pilon:465533","jcf7180004397537_pilon:430680","jcf7180004397537_pilon:649542","jcf7180004397538_pilon:621742","jcf7180004397540_pilon:514044","jcf7180004397540_pilon:514046","jcf7180004397542_pilon:178342","jcf7180004397543_pilon:231961","jcf7180004397543_pilon:273188","jcf7180004397545_pilon:274813","jcf7180004397545_pilon:401063","jcf7180004397545_pilon:664411","jcf7180004397546_pilon:203724","jcf7180004397547_pilon:227049","jcf7180004397547_pilon:243516","jcf7180004397547_pilon:243591","jcf7180004397547_pilon:907909","jcf7180004397547_pilon:908006","jcf7180004397548_pilon:72390","jcf7180004397548_pilon:72537","jcf7180004397549_pilon:405613","jcf7180004397549_pilon:1019430","jcf7180004397552_pilon:958672","jcf7180004397552_pilon:2300826","jcf7180004397554_pilon:117513","jcf7180004397554_pilon:132820","jcf7180004397554_pilon:161867","jcf7180004397554_pilon:898938","jcf7180004397555_pilon:83076","jcf7180004397555_pilon:284554","jcf7180004397557_pilon:257342","jcf7180004397558_pilon:192732","jcf7180004397559_pilon:121148","jcf7180004397559_pilon:230365","jcf7180004397562_pilon:76142","jcf7180004397562_pilon:531333","jcf7180004397563_pilon:31245","jcf7180004397563_pilon:333835","jcf7180004397563_pilon:333946","jcf7180004397563_pilon:333996","jcf7180004397564_pilon:41737","jcf7180004397566_pilon:597314","jcf7180004397566_pilon:916065","jcf7180004397566_pilon:984941","jcf7180004397566_pilon:1333162","jcf7180004397567_pilon:465827","jcf7180004397568_pilon:789821","jcf7180004397568_pilon:886787","jcf7180004397570_pilon:124609","jcf7180004397571_pilon:490560","jcf7180004397571_pilon:819395","jcf7180004397572_pilon:38064","jcf7180004397573_pilon:760556","jcf7180004397574_pilon:641640","jcf7180004397578_pilon:38141","jcf7180004397578_pilon:640129","jcf7180004397578_pilon:1084555","jcf7180004397578_pilon:1254768","jcf7180004397578_pilon:1358746","jcf7180004397579_pilon:1131196","jcf7180004397579_pilon:1281513","jcf7180004397579_pilon:1802965","jcf7180004397579_pilon:2060372","jcf7180004397579_pilon:2240769","jcf7180004397580_pilon:252971","jcf7180004397580_pilon:253173","jcf7180004397580_pilon:466596","jcf7180004397580_pilon:491740","jcf7180004397580_pilon:605350","jcf7180004397580_pilon:1076340","jcf7180004397580_pilon:1076461","jcf7180004397580_pilon:1522868","jcf7180004397589_pilon:11007","jcf7180004397603_pilon:57712","jcf7180004397611_pilon:162171","jcf7180004397620_pilon:12331","jcf7180004397629_pilon:107730","jcf7180004397629_pilon:193049","jcf7180004397633_pilon:15668","jcf7180004397634_pilon:65314","jcf7180004397637_pilon:59887","jcf7180004397637_pilon:184050","jcf7180004397637_pilon:417103","jcf7180004397637_pilon:767498","jcf7180004397638_pilon:497041","jcf7180004397638_pilon:652590","jcf7180004397638_pilon:675597","jcf7180004397638_pilon:687907","jcf7180004397639_pilon:44703","jcf7180004397639_pilon:160619","jcf7180004397639_pilon:186036","jcf7180004397639_pilon:620741","jcf7180004397644_pilon:13820","jcf7180004397644_pilon:2020037","jcf7180004397644_pilon:2020053","jcf7180004397646_pilon:2471","jcf7180004397646_pilon:2491","jcf7180004397646_pilon:2499","jcf7180004397650_pilon:502983","jcf7180004397652_pilon:358919","jcf7180004397652_pilon:365299","jcf7180004397654_pilon:667409","jcf7180004397654_pilon:747142","jcf7180004397654_pilon:822598","jcf7180004397654_pilon:1347064","jcf7180004397655_pilon:303671","jcf7180004397660_pilon:1244002","jcf7180004397660_pilon:1244154","jcf7180004397665_pilon:1317354","jcf7180004397667_pilon:906221","jcf7180004397669_pilon:262087","jcf7180004397669_pilon:344302","jcf7180004397669_pilon:344452","jcf7180004397669_pilon:439299","jcf7180004397669_pilon:2552449","jcf7180004397671_pilon:161528","jcf7180004397674_pilon:907737","jcf7180004397674_pilon:1569090","jcf7180004397674_pilon:1571030","jcf7180004397674_pilon:1571102","jcf7180004397674_pilon:1571172","jcf7180004397674_pilon:1608334","jcf7180004397674_pilon:1740114","jcf7180004397674_pilon:2351380","jcf7180004397676_pilon:115404","jcf7180004397676_pilon:115476","jcf7180004397676_pilon:756981","Age"
"RS_01_T_per",0.222222222222222,1,1,1,1,1,0.786666666666667,0.941176470588235,1,0,1,1,0.985714285714286,1,1,1,0.825,0.96039603960396,0.00628930817610063,1,0,1,0,0.961424332344214,0.947368421052632,0.223880597014925,0.00588235294117647,1,1,0,0.545454545454545,1,0.589403973509934,0.176470588235294,0.853658536585366,1,0.907407407407407,0,0.892857142857143,0.730769230769231,0.0222222222222222,0,0.772845953002611,0.939632545931758,1,1,1,1,0.65296803652968,1,1,1,0.717948717948718,0.97752808988764,0.869565217391304,0.98876404494382,1,0.223880597014925,0.181818181818182,0.693181818181818,0.993788819875776,0.774193548387097,0.391304347826087,1,0.90625,0.978260869565217,0.651162790697674,0.944444444444444,0.569444444444444,1,1,1,1,0.977777777777778,1,1,0.997198879551821,0.924623115577889,0.913265306122449,0.918781725888325,1,1,0.889908256880734,1,0.0769230769230769,1,1,1,0.992063492063492,0.967741935483871,1,1,1,1,0.537383177570093,1,1,1,1,1,0.80327868852459,0.796610169491525,0.943661971830986,1,0.818181818181818,1,1,1,0.027027027027027,0.0277777777777778,1,1,0.984375,1,0,1,1,0.951807228915663,1,1,0.04,1,1,1,1,1,0.782608695652174,0.976470588235294,1,1,0.976878612716763,1,0,1,1,0.655737704918033,0.95,1,0.696428571428571,1,1,0.5,1,1,1,1,0.986338797814208,0.979166666666667,0,0.990740740740741,1,0.993506493506494,0.723214285714286,1,1,0.612903225806452,0.938053097345133,0.858638743455497,0.958333333333333,1,1,0.615384615384615,0.776699029126214,0.942465753424658,0.685430463576159,1,0.388127853881279,0.533333333333333,0.989247311827957,1,1,1,1,0,0.625,0.88659793814433,0.963350785340314,0.889908256880734,0.387096774193548,1,1,1,0.962365591397849,1,1,1,0.327586206896552,1,0.909937888198758,1,1,1,0.871287128712871,1,1,1,1,0.539325842696629,0.761904761904762,1,0.851301115241636,0.948453608247423,0,0.875,1,0.520833333333333,1,0.770448548812665,0.815789473684211,1,0.892405063291139,0.987179487179487,1,0.957831325301205,1,0.987421383647799,1,0,1,1,1,1,0.855932203389831,0.910614525139665,1,0,0.892857142857143,1,1,1,0.746913580246914,0.866666666666667,1,1,0,0,1,1,0.545454545454545,0,1,0,1,1,0.0375,0.128205128205128,1,1,0,1,0.957983193277311,0.913513513513514,0.994652406417112,0.994708994708995,0.904255319148936,1,0.653846153846154,1,1,0,1,0.99625468164794,1,0.996124031007752,1,1,0.786046511627907,1,0,0.984848484848485,0.836065573770492,1,0.444444444444444,1,0.789855072463768,0.00588235294117647,0.972222222222222,1,0.951456310679612,1,0.853242320819113,1,1,0.352941176470588,0.05,0.958333333333333,1,1,0.888888888888889,0.623287671232877,0.46643109540636,0.468085106382979,0,0.696078431372549,1,1,0.543918918918919,1,0.590909090909091,1,1,0.222222222222222,1,1,0.0344827586206897,1,1,1,1,0.924764890282132,0.496932515337423,1,1,1,1,1,1,0.16,1,1,1,0,1,0.888888888888889,1,1,0.972602739726027,0.854166666666667,0,1,1,1,1,0.25,1,0.442622950819672,0.833333333333333,1,1,1,1,1,0.882352941176471,0.181818181818182,0.719101123595506,1,1,1,0.860606060606061,0.72027972027972,1,1,1,0,0,0,0.389221556886228,0.228571428571429,0.0201005025125628,1,0.964285714285714,0.975,1,0.836575875486381,0,0,0,0.186666666666667,0.912280701754386,1,1,1,0.701298701298701,0,0,0.0412371134020619,0.848101265822785,0.91156462585034,0.8625,1,0.645833333333333,1,1,1,1,1,0.926470588235294,0.761467889908257,0.993150684931507,0,1,1,0,0.12,1,1,0.994750656167979,0.760975609756098,1,0.569620253164557,0.345679012345679,0.324324324324324,1,0.195652173913043,1,1,1,1,1,1,1,1,0.870967741935484,0.944444444444444,1,0.942857142857143,0.567251461988304,0.75,0.757142857142857,1,1,0.25,1,0.0344827586206897,1,1,0.871212121212121,1,1,0.616113744075829,0.389221556886228,1,1,1,0.601941747572815,1,1,1,1,1,0.551020408163265,1,0.900473933649289,0.925925925925926,0.943298969072165,0.617021276595745,1,0.728476821192053,0.973684210526316,1,1,0.958333333333333,0.931034482758621,1,1,0.888888888888889,1,1,1,0.889908256880734,0,1,1,0.875,1,0,0,1,1,0.666666666666667,1,1,0.222222222222222,0.754545454545455,1,1,1,0.574074074074074,1,1,1,1,1,1,0.767045454545455,0.767441860465116,0.363636363636364,1,1,1,1,1,1,1,0.36986301369863,0.729381443298969,0.0909090909090909,1,0.835616438356164,1,0.950920245398773,0.966666666666667,1,0.755395683453237,1,1,0.933333333333333,0.583333333333333,0.996363636363636,1,0.736220472440945,0.868421052631579,1,0.447368421052632,1,1,1,0.926829268292683,0.947368421052632,0.923076923076923,1,0.966942148760331,1,0.9875,1,1,0.875,1,1,1,0,0.959183673469388,0.8,0.96078431372549,1,1,0.909090909090909,0.992481203007519,0.396341463414634,0.9,1,1,0.929133858267717,1,0,1,1,1,0,1,1,1,1,0,1,1,0.933333333333333,0.179487179487179,1,1,0.291666666666667,1,0.988326848249027,0.993548387096774,0.990049751243781,0.225225225225225,0.444444444444444,0.885,1,1,1,1,1,0.94047619047619,0.55952380952381,0.32,1,1,0.8,0,0.730769230769231,0.988235294117647,1,0.3125,1,1,0.853658536585366,0.723529411764706,0.847826086956522,1,1,1,1,0.872727272727273,1,0,0,1,0.920634920634921,0,0.972222222222222,1,1,1,0.830769230769231,0.994350282485876,1,1,0,0,0.420711974110032,0.744318181818182,0.751445086705202,1,1,0.715909090909091,1,1,0.989010989010989,1,1,1,0,0.24,1,1,1,0.8,1,1,1,1,0.985714285714286,0.893835616438356,0.98936170212766,0.991935483870968,1,0,1,1,0.839237057220708,0.375,0.911764705882353,0.884615384615385,0.622950819672131,0,0.69047619047619,0.835748792270531,1,0,1,1,0.933333333333333,0.0714285714285714,1,0.912442396313364,1,1,1,0.975,0.981818181818182,1,1,0.888888888888889,0.793103448275862,0.174311926605505,0.11864406779661,1,0.786516853932584,0.448979591836735,1,1,1,1,1,0.131034482758621,0.875,1,0.987012987012987,0,0.183333333333333,0.833333333333333,0.53448275862069,0.909090909090909,1,1,1,0.783783783783784,1,0.985221674876847,0.695035460992908,0.9825,0.04,1,0.284552845528455,1,1,1,1,1,1,0.976744186046512,0.909090909090909,0.625,1,0.989010989010989,0.914414414414414,1,1,1,0.485074626865672,0.95049504950495,0,1,1,0.980891719745223,1,1,0.825,1,1,1,1,1,0.9,0,0.955882352941177,1,0.0416666666666667,1,0.0625,0.991803278688525,1,0.231155778894472,1,0.0735294117647059,0.953846153846154,0.959183673469388,0,1,1,1,0.142857142857143,0.814814814814815,0.02,1,1,0.541666666666667,0.531914893617021,1,0.597014925373134,0.05,0,1,1,1,1,0.756756756756757,0.991525423728814,0.994652406417112,0.578947368421053,0.181818181818182,0,1,1,0,0.695652173913043,0.726277372262774,0.995433789954338,0.442953020134228,0,0.543918918918919,0,0.63265306122449,0.962962962962963,0.9,1,0.924528301886792,0.964285714285714,1,1,0.342465753424658,1,0.964426877470356,0.571428571428571,0.0666666666666667,0.45,1,0.19672131147541,0.295180722891566,1,0.840909090909091,0.578947368421053,1,1,1,0.938053097345133,0.990740740740741,0.779552715654952,0.68141592920354,1,1,0.51219512195122,1,1,0.258258258258258,1,1,0.929577464788732,0.148648648648649,1,1,1,0.32,0.72972972972973,0.0133333333333333,1,1,1,1,1,1,0,0.598360655737705,1,0.993865030674847,0.953488372093023,1,0.855421686746988,1,0.247058823529412,1,0.906593406593407,1,1,1,0.878378378378378,1,0.226190476190476,0.0666666666666667,0.8125,0.983606557377049,0.11,1,1,1,1,1,1,1,1,1,0.176470588235294,0.275,1,1,1,0.997297297297297,1,0.931034482758621,1,1,1,0,0.181818181818182,1,1,0.010989010989011,1,1,0.182170542635659,1,0.976744186046512,1,1,1,1,0.529411764705882,0.0454545454545455,0.967948717948718,1,0.68141592920354,0.642857142857143,0.638888888888889,0.546875,1,1,1,1,1,1,1,1,0.640151515151515,0.67156862745098,0.819905213270142,1,1,0.673629242819843,0.880597014925373,1,0.995744680851064,1,1,1,1,1,0.276497695852535,0.976377952755906,0.24390243902439,1,0.00497512437810945,0.00763358778625954,1,1,1,0.955882352941177,1,1,1,1,1,1,0.0101010101010101,0.840579710144927,0.91304347826087,1,0.84,0.124444444444444,0.508670520231214,1,0.974358974358974,0.727699530516432,0.857142857142857,0.756756756756757,0.955555555555556,0,1,0,1,1,0.783783783783784,1,1,0.90625,0.98974358974359,1,1,1,1,0,0.803149606299213,0.00763358778625954,0.733333333333333,0.578282828282828,1,0.875,0.392405063291139,0.761904761904762,1,1,0,0.791277258566978,0.693548387096774,1,1,0.628865979381443,1,1,0.958333333333333,0.375,1,0.125,1,1,1,1,1,1,0.59349593495935,1,1,0.7375,1,0.714285714285714,0.916666666666667,0.72972972972973,0.720430107526882,1,0.995169082125604,0.165745856353591,0.987704918032787,0,0,1,1,1,0.890625,0.14792899408284,1,1,1,0.619047619047619,0,1,1,0.757085020242915,1,1,0,0.368421052631579,0.910714285714286,0.830882352941177,0.928571428571429,0,0,0.156862745098039,1,1,1,1,1,1,0.976331360946746,1,0.67948717948718,1,1,1,1,0.637931034482759,0.323529411764706,0.989795918367347,0.57396449704142,0.9875,1,1,0.615384615384615,0.24390243902439,0,1,1,0.883582089552239,0.286135693215339,1,0,0.497584541062802,1,0.794117647058823,0,0.919354838709677,1,1,1,1,1,0.466666666666667,0.868421052631579,1,1,1,1,0.933333333333333,0.0169491525423729,0.797979797979798,0.0303030303030303,0,0.8,1,0.422222222222222,0.976744186046512,0.72027972027972,0.846153846153846,1,0.985611510791367,1,1,1,0.508670520231214,1,1,0.637450199203187,1,1,1,0.910714285714286,0.583333333333333,0.289156626506024,1,1,0.459459459459459,1,0.466666666666667,0.990476190476191,1,0.953757225433526,0.583333333333333,0.615384615384615,1,0.855421686746988,0.724226804123711,0.293150684931507,1,0,0,1,1,1,1,0,1,0.416666666666667,0.549019607843137,1,1,0.9375,0.873563218390805,1,0.934272300469484,1,1,1,0,1,1,1,1,1,1,1,1,0.7,0,1,1,1,1,0,1,0,0.95,1,1,1,0.617021276595745,1,1,1,0.833333333333333,1,0.545454545454545,0.027027027027027,0.55952380952381,1,1,0.954545454545455,1,0,0.169811320754717,0.0625,0.992727272727273,0.0789473684210526,1,1,1,0.248175182481752,0,1,1,0.727272727272727,1,0.578947368421053,1,0.25,0.695652173913043,1,1,1,1,1,0.982142857142857,1,0.78125,0.0952380952380952,1,1,0.111888111888112,0.655629139072848,0.826589595375723,0.819209039548023,0.827380952380952,0.857142857142857,0.897142857142857,0,1,1,1,1,1,1,0.540540540540541,1,1,1,1,1,0.762820512820513,0.433035714285714,0.944444444444444,1,1,0,1,0.88860103626943,0.971830985915493,1,1,1,0.875,1,1,0.99,0.958333333333333,0.954545454545455,0.956521739130435,1,1,1,1,1,1,0.3125,0.851063829787234,1,1,0.771144278606965,0.037037037037037,1,1,1,1,0.993548387096774,1,0.89041095890411,1,1,0.252427184466019,0.347107438016529,1,1,0.0727272727272727,1,0.8,1,0.84331797235023,1,1,0.428571428571429,0.894273127753304,0,0.888888888888889,1,0.956284153005464,1,1,0.882352941176471,0,0.496062992125984,1,1,0.888888888888889,1,1,0.0555555555555556,1,1,1,1,1,0.89,1,1,1,1,1,1,0.351851851851852,1,0,0,1,0.866666666666667,1,1,1,0,1,1,0.904255319148936,1,0.0344827586206897,1,0.894736842105263,0.00588235294117647,0.75,1,1,1,1,1,1,0,1,0.873134328358209,1,1,1,0.806451612903226,0.991379310344828,0.363636363636364,0.903225806451613,0.920634920634921,1,1,0.707224334600761,0.997093023255814,1,1,0.973684210526316,1,0.872549019607843,1,1,1,1,1,0.136363636363636,1,0.931034482758621,0.966942148760331,0.977777777777778,0.952380952380952,0,0.875,0.525641025641026,0.714285714285714,0,1,1,0,0.363636363636364,0.65546218487395,0.875,1,1,1,0.8,1,0,0,1,0.635338345864662,1,0.623893805309734,0.933333333333333,1,0.0189873417721519,0.364406779661017,1,1,1,0.0416666666666667,0.538461538461538,0.983050847457627,1,0.754385964912281,1,1,1,0.701298701298701,0.822222222222222,1,0.798780487804878,1,1,0,1,1,1,0.603448275862069,1,1,0,1,0.817610062893082,1,0.652173913043478,1,0,0,0.895833333333333,0.521739130434783,1,0.0454545454545455,0.325102880658436,1,1,1,0.203389830508475,0.995934959349594,1,0.385074626865672,0.928792569659443,0.754285714285714,1,0.705882352941177,1,1,1,1,0.606837606837607,0.8,1,1,1,0.995348837209302,0.538461538461538,0.631578947368421,0.611111111111111,0.681318681318681,0.993788819875776,0,0.648648648648649,0,0.789473684210526,0.82051282051282,0.366666666666667,0.84375,1,1,0.59009009009009,0.956521739130435,0.928571428571429,1,0.181818181818182,1,0.152317880794702,0.48993288590604,1,0.964169381107492,1,1,1,0.653846153846154,0.565573770491803,1,0.590909090909091,0.555555555555556,0,1,0.946808510638298,1,1,0.333333333333333,1,0.888888888888889,1,0.515625,0.833333333333333,1,1,1,0.989010989010989,1,1,0.648979591836735,1,0.943548387096774,1,1,1,1,0,0.829396325459318,1,1,1,1,1,1,1,0,1,1,1,1,1,0.857142857142857,1,0.972027972027972,1,0.833333333333333,1,0.879310344827586,1,1,1,1,1,1,1,1,1,1,1,1,0.959349593495935,0.5,0.946428571428571,1,0,1,1,1,0.983333333333333,1,0.710365853658537,0.973190348525469,1,1,0.735751295336788,0,1,1,1,1,0.975308641975309,1,1,1,0,0.963350785340314,1,1,0.293150684931507,0.298701298701299,0,0.00529100529100529,1,1,1,0,0.1,1,0.989690721649485,1,0.803571428571429,0.917808219178082,1,0.938271604938272,0.520547945205479,1,1,1,0.347107438016529,1,0.027027027027027,0.908396946564885,0.955555555555556,1,0.755417956656347,1,0,1,1,0,1,0.947368421052632,0.858638743455497,1,1,0.823529411764706,0,1,0.975609756097561,1,1,1,1,1,0.695652173913043,0,1,1,0.930232558139535,1,1,0.964912280701754,1,0.844357976653696,1,0.649122807017544,1,0.993865030674847,1,0.994459833795014,0.495867768595041,0.560102301790281,0,1,1,0.275,0.852173913043478,1,1,1,1,0.907407407407407,0.909090909090909,0.0656565656565657,1,1,0,1,0.992857142857143,1,0.86046511627907,1,0.367088607594937,0.392405063291139,0.972602739726027,0,0.892857142857143,0.701298701298701,1,0,1,0.8300395256917,0.837944664031621,1,0,1,1,0.51063829787234,0.732510288065844,1,0.782608695652174,0,1,0.540540540540541,0.56,1,1,1,0.993670886075949,0.569444444444444,0.846590909090909,1,1,1,1,1,0,0.976190476190476,0.754716981132076,0.683168316831683,0.666666666666667,1,0.5625,0.288135593220339,0.542857142857143,0.992424242424242,0.878787878787879,1,0.972602739726027,0.411347517730496,0.013550135501355,1,0,0.696356275303644,1,0.00454545454545455,0.384615384615385,0.56390977443609,0.863013698630137,0.827586206896552,0.744471744471744,1,0.433035714285714,0,0.68141592920354,1,0,0.95,1,1,0.976744186046512,1,0.968253968253968,0,1,1,1,0.562874251497006,1,1,1,0.0412371134020619,0.878787878787879,0,0.484848484848485,0.461038961038961,0.227272727272727,0.504672897196262,1,0.951807228915663,0.751445086705202,0.707964601769911,0.811059907834101,0.17910447761194,0.986238532110092,1,1,1,0.686153846153846,1,0.755102040816326,0.595238095238095,0.604046242774566,0.566115702479339,1,0,0.898989898989899,0,1,1,1,0.628571428571429,1,1,0.924731182795699,0.987012987012987,0.9,0.711229946524064,0.609375,1,1,0.991935483870968,1,1,0.966666666666667,1,1,1,0.6875,0.967741935483871,1,1,0.957317073170732,1,1,0.962025316455696,0.655737704918033,1,0.9,1,0.158536585365854,1,0.824561403508772,1,1,1,1,0.8,1,0.788321167883212,0.882352941176471,1,0.148148148148148,0.271186440677966,0,1,0.994047619047619,1,1,0.735294117647059,1,0.125,1,0.769230769230769,0.952380952380952,0.980295566502463,1,0.62962962962963,0.952380952380952,0.939024390243902,0.989247311827957,0.866906474820144,1,0.755395683453237,0.994652406417112,1,0.994475138121547,1,0.972972972972973,0.0952380952380952,1,0,1,0,0.347826086956522,0.0133333333333333,0.707762557077626,0.153846153846154,0.548571428571429,0.883720930232558,0.57,1,0.5,0.962962962962963,0.96875,0.928571428571429,0.99236641221374,1,1,1,1,0.9875,1,1,1,0.988505747126437,1,1,0.721212121212121,1,0,0.651026392961877,1,1,0.727272727272727,1,0.0666666666666667,0.7,1,1,0.870848708487085,0.928838951310861,0.80188679245283,0.954545454545455,0.458333333333333,0.958333333333333,1,1,0.956521739130435,1,0.653846153846154,0.617021276595745,1,1,0.592,0.443548387096774,0.969465648854962,0.985074626865672,1,1,1,0.0185185185185185,1,1,0.6875,1,1,1,1,0.565217391304348,0.5,0.826086956521739,0.953125,1,0.852941176470588,1,0.725490196078431,0.73134328358209,1,0.571428571428571,1,1,0.976,0.5,0.01875,0.555555555555556,0,0,0.228571428571429,0.955223880597015,1,1,1,0.784,0,1,1,1,0.47682119205298,0.961352657004831,0.911051212938005,0.0815217391304348,0.910326086956522,0.688524590163934,1,1,1,1,1,0.908396946564885,0.975476839237057,0,0.0833333333333333,1,0.538461538461538,1,1,1,0.916666666666667,0.748815165876777,0.292792792792793,0.932885906040268,0.674418604651163,1,1,1,1,0.214285714285714,1,0.842105263157895,1,0.916666666666667,0.994350282485876,0.98921832884097,1,1,0.958333333333333,1,0.868852459016393,1,1,0.975476839237057,1,1,0.876447876447876,1,1,1,1,1,1,1,0.28125,0.993311036789298,1,0.897727272727273,0.869346733668342,0.953488372093023,1,1,1,0.958333333333333,0.609375,1,0.0769230769230769,1,1,1,0,0,1,1,0.1,1,0,1,0.838565022421525,0.564356435643564,0.864864864864865,0.960526315789474,0.636363636363636,1,0.930693069306931,1,0.846153846153846,1,1,1,1,1,0,0,0.996913580246914,1,0.515625,1,1,1,0.806896551724138,0.988095238095238,1,1,0.875912408759124,0.125,0.388888888888889,0.25,0.574074074074074,0.232142857142857,1,0.844660194174757,0.823529411764706,0.651376146788991,1,1,1,1,1,1,1,0.523809523809524,0.786666666666667,0.708771929824561,0.743589743589744,1,0.541666666666667,0.864130434782609,0.918518518518519,0.802395209580838,1,1,0.0617283950617284,1,1,1,1,1,0.714285714285714,0.733333333333333,0.434782608695652,1,1,0.933333333333333,0.909090909090909,0.850574712643678,1,0.0125,1,1,1,1,0.841269841269841,0.994594594594595,1,0.980392156862745,1,0.8125,1,0.571428571428571,0.9625,1,0.446327683615819,0.541284403669725,0.991379310344828,0.863636363636364,0.540697674418605,1,0.280373831775701,1,1,0.0151515151515152,1,0.975,0.82051282051282,0.968253968253968,1,1,0.777070063694268,0,1,1,1,1,1,0.86046511627907,1,0.96218487394958,0.408695652173913,0.833333333333333,1,0.636363636363636,1,1,0,0.9875,1,1,0.884615384615385,0,1,1,0.171428571428571,1,1,0.691358024691358,1,1,0.866666666666667,1,1,1,1,0.9,1,1,0.5,1,1,1,0.99438202247191,0.990740740740741,1,0.153374233128834,0.110091743119266,0.0555555555555556,0.989795918367347,0,1,0,1,1,0,1,0.389221556886228,0.8,0.884615384615385,0.984615384615385,1,1,1,0.952662721893491,0.949720670391061,0.0786516853932584,0.473684210526316,0.947368421052632,1,1,1,1,1,0.976190476190476,1,0.595238095238095,1,0.285714285714286,0.363636363636364,1,1,0.936,1,0.769230769230769,0,0,0,0,1,0.991735537190083,1,0.975609756097561,1,1,2
"RS_02_T_per",1,1,0.773026315789474,1,1,1,0.86,0.862595419847328,0.883817427385892,0.995073891625616,0.5,0.993150684931507,0.958041958041958,1,1,1,1,1,1,1,0.00833333333333333,1,0,0.997260273972603,1,0.974576271186441,0,1,1,1,0.75,1,0.387096774193548,1,0.980263157894737,1,0.415841584158416,0,1,1,0.947368421052632,0,0.808290155440414,0.799472295514512,1,1,1,1,1,1,0.991935483870968,1,0.727272727272727,1,1,0.933333333333333,1,1,0.916666666666667,1,1,0.643086816720257,1,0.991596638655462,1,0.988505747126437,0.9875,1,1,1,1,0.638888888888889,1,1,1,1,0.972972972972973,1,0.0143884892086331,0.993197278911565,0.770731707317073,1,0.987179487179487,1,1,1,1,1,0.548672566371681,1,0.823529411764706,1,1,1,1,0.943181818181818,1,1,1,1,0.663157894736842,0.575418994413408,0.924731182795699,1,0.810606060606061,1,0.991666666666667,1,0.849624060150376,0.446236559139785,1,1,1,0.703389830508475,0.915094339622642,1,1,0.745318352059925,1,1,1,1,1,1,1,0.622478386167147,0.769230769230769,1,1,1,0.765957446808511,1,0,0.583333333333333,0.651162790697674,1,1,1,1,1,1,0.875,1,0.923076923076923,1,1,1,0.978658536585366,0,0.941176470588235,1,1,0.929878048780488,1,1,1,0.971428571428571,0.987551867219917,0.368421052631579,0.97907949790795,1,0.893617021276596,0.946808510638298,0.978851963746224,0,1,1,0.722513089005236,0.980392156862745,1,1,1,0.997326203208556,0.004149377593361,1,0.991525423728814,0.746753246753247,1,0.866666666666667,1,1,1,1,0.930232558139535,0.5,1,0.734375,1,1,1,0.894736842105263,1,0.637209302325581,0.357142857142857,1,1,1,0.859649122807018,0.804878048780488,1,0.925064599483204,0.927835051546392,0,0.8,1,0.791044776119403,1,0.603174603174603,0.642023346303502,1,0.731563421828909,0.448186528497409,0.992957746478873,1,1,0.77124183006536,1,0.0101010101010101,1,1,1,1,0.909090909090909,0.923076923076923,0.996699669966997,0.125,0.532467532467532,0.991452991452991,1,1,0.75974025974026,0.982758620689655,1,1,0,0,1,1,0.744047619047619,0,0.996031746031746,0,0.918767507002801,1,1,0.728813559322034,1,1,0,0.923469387755102,0.972222222222222,0.989010989010989,0.988505747126437,0.989010989010989,0.989010989010989,1,0.315315315315315,1,1,0,1,1,0.991379310344828,0.983471074380165,1,1,0.772058823529412,1,0,1,1,1,0.516129032258065,1,1,0.0138888888888889,0.983333333333333,1,0.956521739130435,0.974358974358974,0.9625,1,0.987654320987654,0.975609756097561,0.612903225806452,0.793103448275862,0.66147859922179,0.959514170040486,0.024390243902439,0.522321428571429,0.511627906976744,0.542986425339366,0.552511415525114,0.690909090909091,0.888888888888889,0.771428571428571,0.890909090909091,1,0.325581395348837,1,1,0.918032786885246,1,0.725490196078431,0.755555555555556,1,1,1,1,0.520833333333333,0.625,1,1,1,1,1,1,1,1,1,1,0,0.723300970873786,0.2,1,1,0.976666666666667,0.6,0.904761904761905,0.227272727272727,1,1,1,0.639344262295082,1,0.421052631578947,1,1,1,0.966666666666667,1,1,0.967391304347826,0.84297520661157,0.583333333333333,1,0.853658536585366,1,0.569023569023569,1,1,1,1,1,0,1,0.948905109489051,0.116279069767442,0.214285714285714,0.962025316455696,1,1,1,0.623430962343096,0.0232558139534884,0,0,0,1,1,1,1,0.918918918918919,1,1,0.238095238095238,0.892857142857143,0.969879518072289,0.855072463768116,0.956989247311828,0.947368421052632,0.790419161676647,1,1,0.337209302325581,1,0.682352941176471,0.846153846153846,0.928571428571429,0,1,0.666666666666667,0,0,1,1,1,0.338842975206612,1,0.827586206896552,0.887254901960784,0.5,1,0.573033707865168,0.986301369863014,1,1,1,1,0.765151515151515,1,1,0.181818181818182,0.866666666666667,0.99737532808399,0.636363636363636,0.689265536723164,0.508547008547009,0.472972972972973,0.837837837837838,1,1,1,0.6,0.723684210526316,0.692307692307692,0.923076923076923,1,1,1,1,1,0.972727272727273,0.857142857142857,1,1,1,1,1,1,0.0396039603960396,1,0.931758530183727,0.938461538461538,0.457777777777778,0.827225130890052,0.992537313432836,1,1,1,1,0.986486486486487,1,1,1,0.984375,1,1,1,0.978835978835979,0.870967741935484,0.976744186046512,0.541666666666667,0.528089887640449,1,0,0,1,1,0.857142857142857,1,1,1,0.773809523809524,1,1,1,0.431034482758621,1,1,1,0.988304093567251,1,1,0.89041095890411,1,0.689655172413793,1,1,1,0.963414634146341,1,1,1,0.904761904761905,1,0.0316455696202532,1,1,1,0.690058479532164,0.971223021582734,1,0.575268817204301,1,1,1,1,0.907692307692308,1,1,0.823943661971831,1,1,1,0.992424242424242,1,0.971291866028708,0.983606557377049,0.898305084745763,1,0,1,1,1,0.991666666666667,0.810945273631841,1,1,1,0.0335570469798658,0.2,1,0.166666666666667,1,1,0.99746192893401,0.553846153846154,0.384,0.808333333333333,0.752577319587629,1,0.875,0.996805111821086,0.402826855123675,1,1,1,0,1,0.489583333333333,1,1,0,1,1,1,1,0.75609756097561,1,0.595959595959596,0.993527508090615,0.899305555555556,1,1,0.972222222222222,1,1,1,1,1,0.804878048780488,1,1,1,0.277777777777778,1,1,1,0.0266666666666667,0.625,1,0.875,0.915966386554622,1,0.763636363636364,0.859030837004405,0.379310344827586,0.957219251336898,1,1,1,1,0.790697674418605,0.78125,0,0,1,0.833333333333333,0.904761904761905,1,0.10958904109589,1,1,1,1,0.996710526315789,1,0,0.176470588235294,0.873983739837398,0.805626598465473,0.796437659033079,0.65,1,0.513227513227513,1,1,1,1,1,1,1,0.626506024096386,1,1,1,1,0,1,1,1,0,0.978021978021978,0.990430622009569,1,1,0.64321608040201,0.720430107526882,1,0.9375,0.995726495726496,0.185840707964602,0.525862068965517,1,0.518518518518518,1,0.850746268656716,1,0,0.9921875,1,1,0.323943661971831,1,1,1,1,1,0.876623376623377,1,1,1,1,0.92485549132948,0.00735294117647059,0.585526315789474,1,0.88125,0.423076923076923,1,0.972972972972973,1,1,0.9375,0.994350282485876,1,1,0.75,0.08,0.0931989924433249,0.176470588235294,0.573033707865168,0.25,1,1,0.969230769230769,1,1,1,0.620481927710843,0.953947368421053,0.751677852348993,1,1,1,1,1,1,1,1,1,0.976470588235294,0.875,0.978021978021978,0.654952076677316,0.891891891891892,1,0.695876288659794,0.518134715025907,1,0.909090909090909,0,1,1,0.590909090909091,1,1,1,1,1,1,1,1,0.9,0,1,0.872093023255814,0.896551724137931,0.0681818181818182,0.356435643564356,0.241379310344828,0.843205574912892,0,0.995348837209302,1,0.310526315789474,0,0,0.833795013850416,1,0.994871794871795,0.697142857142857,1,0.930555555555556,1,1,1,0.986666666666667,1,1,0.494949494949495,0.781659388646288,1,1,1,1,0,1,0.928327645051195,0.43298969072165,0.438775510204082,0,1,1,0,1,0.361256544502618,0.909090909090909,0.808080808080808,1,0.245454545454545,0.26890756302521,0.692307692307692,1,0.974683544303797,1,1,0.219178082191781,1,1,1,1,0.985294117647059,0.407407407407407,0,0.270833333333333,1,0.736842105263158,0.130434782608696,1,1,0.972972972972973,0.766666666666667,1,1,1,0.991935483870968,0.975609756097561,1,1,1,0.55421686746988,1,1,0.875457875457875,1,0.916666666666667,0.702702702702703,0.183908045977011,1,1,0.866666666666667,0.103448275862069,0,0,1,1,1,1,1,1,1,1,1,1,0.946428571428571,0.961538461538462,0.693290734824281,1,0,1,0.866359447004608,1,1,1,1,1,0.681818181818182,0.744047619047619,1,1,0.865671641791045,1,1,1,1,1,1,1,0.971223021582734,1,0.86046511627907,0.5,1,1,0.884057971014493,0.997354497354497,0.662857142857143,0.989583333333333,1,1,1,0.882352941176471,0.89010989010989,1,0.553333333333333,0.0168067226890756,1,1,0.240663900414938,1,0.916666666666667,1,1,1,0.818918918918919,0.4,0.931818181818182,0.99738219895288,1,1,1,1,1,0.46,1,1,1,0.989130434782609,0.263157894736842,1,1,1,1,1,1,1,0.918767507002801,1,1,0.416666666666667,1,1,1,0.120481927710843,1,0.63013698630137,0.726027397260274,0,1,0,0.018348623853211,1,1,0.983870967741935,0.647058823529412,0.514563106796116,1,1,1,1,1,0.872448979591837,0.625,0.243386243386243,1,0.827868852459016,0.824644549763033,0.923857868020305,0.870833333333333,1,0.969387755102041,1,0,1,0,1,0,0.934782608695652,0.988888888888889,0.992125984251969,1,1,0.697530864197531,1,1,1,1,0.996197718631179,0.125,1,0,0.728744939271255,0.99601593625498,1,1,0.836734693877551,1,1,1,0.913294797687861,0.958762886597938,0.50561797752809,0.652509652509653,1,0.764705882352941,1,1,1,0.75,0.957446808510638,1,0.239819004524887,1,1,1,1,0.866071428571429,0.556962025316456,1,0.95,0.696296296296296,1,1,0.983606557377049,0.404040404040404,1,0.405940594059406,1,0.69672131147541,0.983818770226537,0,0,1,1,0,1,0.423076923076923,1,0.953488372093023,1,0.953488372093023,0.162055335968379,1,1,0.986486486486487,1,0.786666666666667,0,0.310344827586207,1,1,0.699029126213592,0.981132075471698,0.533333333333333,0.794392523364486,1,1,1,1,1,1,0.805714285714286,0.988095238095238,0.383561643835616,0.831111111111111,0.982758620689655,1,1,0.015625,0,1,0.93010752688172,0.983870967741935,0.432624113475177,1,0.857142857142857,0.807017543859649,0.769230769230769,0.990740740740741,1,0.83969465648855,0,1,0.887323943661972,0.808163265306122,1,0.814814814814815,1,0.995169082125604,0.911764705882353,1,0.984126984126984,1,1,0.758064516129032,1,1,1,0.977011494252874,1,1,0.0545454545454545,1,0,0.142857142857143,0,1,1,1,0.0878661087866109,0.414285714285714,1,1,1,1,1,0.6,1,1,0.776744186046512,1,1,1,0.642857142857143,0.633663366336634,0.702702702702703,0.957446808510638,1,0.55379746835443,1,0.997206703910615,1,1,1,0.986486486486487,1,1,1,0.69969040247678,0.142857142857143,1,0.511111111111111,0.446808510638298,1,0.985507246376812,1,1,0.0753138075313808,1,0.646341463414634,0.979591836734694,1,1,1,0.846938775510204,1,1,1,1,1,0,1,1,1,1,0.993464052287582,1,0.979865771812081,1,0.391304347826087,0.00862068965517241,1,1,1,0.985714285714286,1,0.894736842105263,0.0133333333333333,1,1,0.84070796460177,1,1,1,1,1,1,0.993355481727575,0.948051948051948,0.984732824427481,1,0.995024875621891,1,1,0.985401459854015,1,1,0.00884955752212389,1,0.278260869565217,1,1,1,0,1,0.737142857142857,0.834375,0.349282296650718,1,1,1,0.632850241545894,0.887700534759358,0.985401459854015,0.617977528089888,1,1,1,1,0.906474820143885,0.367647058823529,0,1,0.983050847457627,0.8125,0.8625,0.449612403100775,0.44140625,0.438735177865613,0.935779816513762,1,0,1,0.993939393939394,1,1,1,0.60655737704918,0.947368421052632,0.943820224719101,1,1,1,0.810035842293907,0.995614035087719,0.839285714285714,1,1,0.977777777777778,0,1,0.88,1,1,1,1,0.936842105263158,1,1,0.761904761904762,0.25,0.538461538461538,0.307692307692308,0.606060606060606,1,1,1,1,1,0.0256410256410256,0,1,1,0,0.81203007518797,1,1,1,0.936842105263158,1,1,0.863905325443787,1,0.924050632911392,0.9125,0.818181818181818,0.996168582375479,0.766666666666667,1,0.990566037735849,0.65,0.976377952755906,0,1,1,0.118055555555556,0.994444444444444,0,0.872262773722628,1,0.96875,1,1,1,0.952380952380952,0.992857142857143,1,1,1,1,1,0.176470588235294,1,1,1,1,1,1,0.434343434343434,1,1,0.996212121212121,1,1,0.232323232323232,1,0.680851063829787,0.46031746031746,1,1,1,1,0.884615384615385,0.444444444444444,1,1,0.68,1,0,0,0.979166666666667,0,0.571428571428571,1,0.863309352517986,1,0.0909090909090909,1,1,0.651063829787234,1,1,0.791044776119403,0.943396226415094,1,1,0.9800796812749,0.602739726027397,0,0.922330097087379,0.995412844036697,0.995495495495496,0.904761904761905,0.44408945686901,1,0.995614035087719,0.996168582375479,0.992424242424242,1,1,1,0.848684210526316,0.996078431372549,1,0.394321766561514,1,0.807407407407407,0,1,0.955445544554455,0,0.227272727272727,1,1,0.3,1,1,0.0416666666666667,1,0.974358974358974,0.75,0.716417910447761,0.892857142857143,1,1,0.663793103448276,0.413597733711048,0.240601503759398,0.983193277310924,0.886363636363636,1,0.935860058309038,1,1,0,1,1,1,1,0.163841807909605,0.378640776699029,0.9921875,0.990654205607477,0.835365853658537,1,0.810126582278481,1,0.88135593220339,0.7421875,0.996,1,1,0.975609756097561,1,1,1,0.839285714285714,0.747252747252747,1,1,0.04,1,0.994186046511628,1,1,1,0,0.703703703703704,1,0.720588235294118,1,0.2625,0.678456591639871,1,0.986842105263158,1,0.775,0.927125506072874,1,1,0.995535714285714,0.0666666666666667,1,0.862068965517241,1,1,1,0.975609756097561,0.8875,0.963963963963964,1,1,1,1,0.837719298245614,0.974358974358974,0.91,0.845659163987138,1,0.9,0.611940298507463,0,1,1,0.0833333333333333,1,0.984126984126984,0.942857142857143,0.954887218045113,0.00952380952380952,1,1,0.666666666666667,1,0,0,1,0.470588235294118,0.993730407523511,1,1,0.712918660287081,0.761194029850746,0.485714285714286,0.984848484848485,0.0533333333333333,0,0.976744186046512,0.983606557377049,0.755555555555556,1,1,1,1,1,1,0.916666666666667,1,1,1,1,1,1,1,1,0.903614457831325,1,1,0.997354497354497,1,0.603603603603604,0.81701030927835,1,1,1,0.996078431372549,1,1,1,0,1,1,1,1,1,1,1,1,1,1,1,1,1,0.97,0.883435582822086,1,1,1,1,1,1,1,1,1,1,0.904761904761905,0.0201342281879195,0.869230769230769,0,1,0.934782608695652,1,0.326153846153846,1,0.724242424242424,0.92,0.992957746478873,1,1,0,1,1,0.99737532808399,0.98943661971831,1,1,1,1,1,0.518518518518518,0.99009900990099,1,0.773946360153257,0,0,0.0493827160493827,1,1,1,0.471794871794872,0.789115646258503,1,1,1,0.666666666666667,1,0.901960784313726,1,0,0.984615384615385,1,1,0.908396946564885,1,0.97887323943662,0.929577464788732,0.846153846153846,0.99375,0.896648044692737,1,0.695652173913043,1,1,0.578512396694215,1,1,1,1,1,1,1,1,1,1,1,1,1,1,1,0,1,1,0.952380952380952,1,1,1,1,1,1,0.339285714285714,0.99290780141844,0.993150684931507,0.993055555555556,1,0,1,0.0714285714285714,1,1,0.666666666666667,0,0.982300884955752,1,0.176470588235294,0.294117647058824,0.99390243902439,0.961038961038961,0.178391959798995,1,0.985915492957746,0.847457627118644,0.991452991452991,1,1,0.883435582822086,1,0.68974358974359,0.755844155844156,1,1,0.416666666666667,0.24,1,0,0.411764705882353,0.380952380952381,0.818181818181818,1,0.633663366336634,1,1,0.813559322033898,1,1,0.601851851851852,0.714285714285714,1,0.674863387978142,0.722222222222222,1,1,1,1,0.894736842105263,0.037037037037037,1,1,0.67948717948718,1,0.888888888888889,1,1,0.285714285714286,1,1,0.518518518518518,0,0.0909090909090909,0.628571428571429,1,0.909090909090909,1,1,0.306122448979592,0.484126984126984,1,0.85,1,1,0,0.898550724637681,1,0.930769230769231,0.884910485933504,0.389873417721519,1,0.356666666666667,0.849624060150376,0.835820895522388,1,0.649350649350649,0.997311827956989,1,0.903225806451613,1,1,0.02,0,1,1,1,0.927536231884058,1,1,0.989795918367347,1,1,1,1,0.965986394557823,0.984375,1,1,0.709923664122137,0.984375,0.431034482758621,1,0.125,1,1,1,1,1,1,1,0.590425531914894,0.991758241758242,0.680769230769231,1,0.928020565552699,1,1,1,1,1,0.697142857142857,1,1,1,0.986486486486487,0.866666666666667,0.601694915254237,1,1,1,0.991935483870968,1,1,1,0.904761904761905,0.966887417218543,0.967105263157895,0.446236559139785,1,1,1,1,0.116279069767442,1,1,0.905,1,0.360759493670886,1,1,0.996884735202492,1,1,1,1,1,1,1,0.953488372093023,0.894736842105263,1,0.882352941176471,0.933333333333333,0.644808743169399,0.975903614457831,0.975308641975309,1,0.985507246376812,0.784313725490196,1,0.914285714285714,1,0.905660377358491,0.35,1,1,1,0.34375,1,0.979591836734694,0.0487804878048781,1,0.978723404255319,1,1,1,1,0.994475138121547,0,1,0.388888888888889,0.996763754045307,1,0.384615384615385,0.00606060606060606,0.624454148471616,0.0540540540540541,1,0.97,0.992805755395683,1,0.893258426966292,1,0.976470588235294,0.532258064516129,1,1,1,1,1,1,0.892857142857143,1,0.746753246753247,0.772020725388601,1,1,1,0.992156862745098,0.536082474226804,0.622478386167147,1,1,0.902255639097744,1,0.206349206349206,1,1,1,0.98780487804878,0.9875,0.640552995391705,0.991735537190083,1,1,1,1,1,0.803921568627451,1,1,1,0.95,0.951219512195122,1,0.521739130434783,1,0.944444444444444,1,1,0,1,1,1,1,0.978021978021978,1,1,0.984126984126984,0.554744525547445,1,1,1,0.958677685950413,1,1,1,1,0.567073170731707,1,0.996655518394649,1,1,0.00279329608938547,1,0.515151515151515,0.5,1,1,0.629166666666667,1,0.993865030674847,1,0.994350282485876,1,1,1,0.996108949416342,1,0.972222222222222,0.947368421052632,0.971428571428571,0.994236311239193,0.990697674418605,1,1,1,1,0.973890339425587,0.978260869565217,0,0.04,0.880398671096346,0,1,1,1,0.319502074688797,1,0.989637305699482,0.807486631016043,1,1,1,1,1,0.93859649122807,1,0.944444444444444,1,1,1,0.923371647509579,0.991935483870968,0.987341772151899,0.25531914893617,0.92,1,1,1,0.80635838150289,1,1,1,1,1,1,1,1,1,1,0,1,1,1,0.372093023255814,0.950920245398773,0.955696202531646,0.937984496124031,0.578947368421053,0.421686746987952,0.896648044692737,1,0,0.997229916897507,1,0.997311827956989,0,0.0188679245283019,1,0.974358974358974,0.954545454545455,0.994535519125683,0,0.333333333333333,0.431818181818182,0.994152046783626,1,1,0.315315315315315,1,0.995283018867924,1,0.720930232558139,1,0.450261780104712,1,0.432835820895522,1,0,0,1,0.953846153846154,1,1,1,1,1,1,0.994666666666667,0.15,0.0119047619047619,0.384615384615385,0.452830188679245,0.962962962962963,0.114035087719298,0,1,0.8,1,0.520325203252033,0.459459459459459,1,0.866666666666667,1,1,1,0.994252873563218,0.899082568807339,0.973474801061008,0.901639344262295,1,0.464788732394366,0.559633027522936,0.994475138121547,0.682634730538922,0.991525423728814,1,0.993939393939394,0.0396039603960396,1,1,1,1,1,1,0.995475113122172,1,1,1,1,0.928571428571429,0.931034482758621,1,0,1,1,1,1,1,1,1,1,1,0.25,1,0.987341772151899,0.873239436619718,1,0.993197278911565,1,0.993788819875776,0,1,1,0.257234726688103,1,1,0.3,1,0.909090909090909,1,0.0277777777777778,1,1,0.984615384615385,0.585714285714286,1,0.958762886597938,1,1,1,1,1,1,0.970149253731343,0.973684210526316,0.605633802816901,0.660958904109589,1,1,0.319502074688797,0.857142857142857,1,1,0.99009900990099,0,0.99468085106383,1,0.822510822510823,1,1,0.473684210526316,0.582089552238806,1,0.659574468085106,0.756756756756757,1,0.755555555555556,0.834394904458599,1,1,1,0.573333333333333,1,1,1,0.991666666666667,1,0.4375,0.4,0.8125,0.244897959183673,1,1,1,0.666666666666667,1,1,0,0.985915492957746,0.918032786885246,0.164556962025316,1,0.970873786407767,1,1,0.979166666666667,1,1,0.98936170212766,0.125,0.509933774834437,1,1,0.823308270676692,1,1,1,1,0.352941176470588,1,0.111111111111111,0.884615384615385,1,1,0.880597014925373,1,1,0,0.0238095238095238,0,0,1,1,1,0.875,1,1,4
"RS_03_T_per",1,1,1,1,1,1,1,0.845238095238095,0.987951807228916,0.675,0.932432432432432,1,0.924242424242424,1,1,1,0.578231292517007,1,1,1,0,1,0,0.983827493261456,0.923076923076923,0.989690721649485,1,1,1,0.617647058823529,1,1,1,0.785714285714286,1,1,0.73469387755102,0,0.846153846153846,1,1,1,0.908127208480565,0.897163120567376,1,1,1,1,1,1,1,1,1,1,1,1,1,1,1,1,0.994708994708995,1,0,1,0.851851851851852,1,0.340909090909091,1,0.434782608695652,1,1,0.382978723404255,1,0.888888888888889,0.0769230769230769,1,0.980392156862745,0.988235294117647,0.19047619047619,0.779069767441861,0.739130434782609,1,1,1,1,0.921052631578947,1,1,1,1,1,1,1,1,1,0.933333333333333,1,1,1,1,0.136363636363636,0.972222222222222,0.963636363636364,1,0.212121212121212,1,1,0.891891891891892,0.157894736842105,0.277777777777778,1,1,1,1,1,0.247863247863248,1,0.903225806451613,0.988095238095238,1,0.0571428571428571,0.984848484848485,1,1,1,1,0.628048780487805,1,1,1,0.785714285714286,1,0,1,1,0.994708994708995,1,1,1,1,1,1,1,1,1,1,0.699228791773779,0.927325581395349,0,1,1,0.990476190476191,0.813953488372093,1,1,1,1,1,0.65625,0.826714801444043,1,1,1,0.8,0.353333333333333,1,0.944444444444444,0.84,1,1,1,1,1,0,1,1,1,1,0.909090909090909,1,1,1,1,1,0.111111111111111,1,0,1,1,1,1,1,1,1,1,1,1,0.683168316831683,0.976744186046512,1,0.953488372093023,0.988095238095238,0,1,1,0.428571428571429,0.941176470588235,0.897727272727273,1,1,0.648648648648649,0.972972972972973,1,0.575916230366492,0.991150442477876,1,0.711764705882353,0,1,1,0.989795918367347,1,1,1,1,0,0.0101010101010101,1,1,1,0.580246913580247,1,1,0.824561403508772,0,0,1,1,0.711764705882353,0,1,0.145695364238411,0.39622641509434,1,0.036036036036036,0.0363636363636364,0.714285714285714,0.962264150943396,0.00324675324675325,1,1,1,1,1,1,1,0.142857142857143,1,1,0,1,0.842105263157895,1,1,1,1,0.995670995670996,1,0,0.8,1,1,0.961538461538462,1,0.98780487804878,0.630952380952381,1,0.944444444444444,0,0.976744186046512,1,1,1,1,1,1,0.708333333333333,1,0.00657894736842105,1,1,1,1,1,0.444444444444444,1,1,1,1,1,1,0.472727272727273,0.994444444444444,1,0.04,1,1,1,0.765957446808511,1,0.497354497354497,1,1,0.923076923076923,1,1,1,0.983870967741935,1,1,1,0,1,0.983333333333333,1,1,0.995024875621891,0.1,0.133333333333333,1,1,0.982142857142857,1,0.626865671641791,1,0.592592592592593,1,1,0.862068965517241,1,1,1,1,1,1,0.988888888888889,1,1,0.5,0.994535519125683,1,1,1,1,1,1,0.981481481481482,1,1,0.109090909090909,0.928571428571429,1,1,0.936619718309859,0,0,0.5,0.845238095238095,0.145454545454545,1,1,1,1,1,0.032258064516129,0.255952380952381,1,0.981481481481482,0.58974358974359,1,1,0.828125,0.988372093023256,1,1,1,0.352941176470588,0.971428571428571,1,0,1,0.891891891891892,0.0128205128205128,0.036036036036036,1,0.986842105263158,1,0.602094240837696,1,0.878048780487805,1,1,1,1,1,1,1,1,1,1,1,1,1,1,0.870466321243523,0.764705882352941,0.408450704225352,0.684210526315789,0.616666666666667,1,1,1,1,1,0.995708154506438,1,1,1,1,0.5,1,1,1,0.695652173913043,1,1,1,1,1,1,0.238636363636364,1,1,1,0.891752577319588,0.846153846153846,0.962264150943396,1,1,1,1,0.908045977011494,0.857142857142857,1,1,1,0.807692307692308,0.984848484848485,1,1,1,0.817460317460317,1,1,1,0,0,0.931818181818182,1,0.882352941176471,1,1,1,1,1,1,1,0.616071428571429,1,1,1,1,1,1,1,1,0.4375,0.98125,0.983050847457627,1,0.777777777777778,0.753086419753086,1,1,0,1,0.818181818181818,1,0.614285714285714,1,1,1,0.769470404984424,1,1,1,1,1,0.4625,1,1,0.988095238095238,1,1,1,1,1,1,1,1,1,0.98,1,1,0.980392156862745,1,1,1,1,1,0.767857142857143,1,1,1,1,1,1,1,0,1,1,1,0.84,1,0,1,1,1,0.767857142857143,1,0.616666666666667,1,1,0,0.995348837209302,0.985781990521327,1,1,1,1,0,0.99740932642487,0.753424657534247,1,1,0.0517241379310345,1,1,1,0.98780487804878,1,1,0.994082840236686,1,1,0.0555555555555556,1,1,1,0,0.549295774647887,0.980099502487562,1,1,1,1,0.982300884955752,1,1,1,1,1,1,0.5,0.99740932642487,0.158088235294118,0.1875,1,1,0.944444444444444,1,1,0.865951742627346,0.997361477572559,0.951807228915663,0.986842105263158,1,1,0.496124031007752,0.946428571428571,0.829268292682927,1,0.789473684210526,1,1,1,1,1,1,1,1,1,0.956521739130435,0,1,1,1,1,0.909090909090909,1,1,1,0.00595238095238095,0.497354497354497,1,0.992982456140351,1,0.985221674876847,0.581081081081081,1,1,1,0.380952380952381,0.698412698412698,0.692307692307692,0.0147058823529412,1,0.988950276243094,1,0.0117647058823529,1,1,1,0.818181818181818,1,1,1,1,1,1,1,1,1,1,0.575916230366492,0.861842105263158,1,1,0.966666666666667,0.0285714285714286,1,1,1,1,1,0.255952380952381,1,0.990825688073395,1,1,0,0.365384615384615,0.731481481481482,0.11864406779661,0.993975903614458,1,0.968992248062015,1,1,0.99581589958159,1,0.619047619047619,1,0.828877005347594,0.434782608695652,1,1,1,1,1,1,1,1,1,0.98,0.989583333333333,1,0.974576271186441,1,0.990536277602524,1,1,0,1,1,0.72027972027972,0.978723404255319,1,1,1,1,0.541666666666667,1,1,1,0.125,1,0.888888888888889,0.888888888888889,1,0,0.0277777777777778,1,0.131578947368421,1,1,0.395348837209302,0.73015873015873,1,1,0.930232558139535,1,0.975609756097561,1,1,1,1,1,1,1,0.514563106796116,0.202127659574468,0.82,1,1,1,1,0,1,1,1,1,1,1,1,0,1,0.443181818181818,0.0566037735849057,1,0.540983606557377,1,0,1,1,1,1,1,0.375,0.302325581395349,1,0.214285714285714,1,1,0.5,0,1,0.98989898989899,0.7,0.972602739726027,1,1,1,1,1,0.990476190476191,1,1,1,1,0.995833333333333,0.995762711864407,0.986842105263158,0.988095238095238,1,0.505681818181818,1,0.650943396226415,0.99740932642487,0.0392156862745098,1,1,1,0.692307692307692,0,0,1,1,1,1,1,1,0,0.914285714285714,1,1,1,1,0.948863636363636,1,1,1,0.912162162162162,1,1,1,1,1,0.594339622641509,1,1,1,0.243589743589744,1,1,1,1,1,1,0.697674418604651,1,1,0.666666666666667,1,1,1,1,1,1,0.928571428571429,1,1,1,0.158088235294118,1,1,0.972868217054264,0,1,1,0,1,1,1,1,1,0.765217391304348,1,0.158333333333333,1,1,1,1,1,0.989473684210526,0.416666666666667,1,0.828877005347594,1,1,1,1,1,0.973333333333333,1,1,1,1,0.639097744360902,1,1,0.121621621621622,1,1,1,0.724137931034483,0.983606557377049,0,1,0,1,0.666666666666667,0.032258064516129,1,1,1,0.434782608695652,0.549295774647887,1,1,1,1,1,0.739130434782609,1,0.611111111111111,1,0.925333333333333,1,0.863636363636364,0.994565217391304,0.888888888888889,0.962962962962963,1,0,1,0,1,0,1,0,1,1,1,1,1,1,1,1,1,0.235294117647059,1,0,0.974842767295597,0.988721804511278,1,0.99581589958159,0.902777777777778,1,1,1,0,1,0.353333333333333,1,1,1,1,1,1,1,1,1,0.777777777777778,1,1,1,1,1,0.730769230769231,1,1,0.333333333333333,1,0.727272727272727,0.349206349206349,0.983606557377049,1,0.989690721649485,0.575916230366492,0.727272727272727,1,0.705357142857143,0.00869565217391304,1,1,0.75531914893617,1,0.597402597402597,1,0.91578947368421,0.91578947368421,0.917525773195876,1,1,1,0.888157894736842,1,0.972677595628415,0.630952380952381,0,1,0.526315789473684,0.581081081081081,0.739130434782609,0.88,0.842105263157895,1,1,0.418439716312057,1,1,1,0.888888888888889,0,1,1,1,1,1,0.918238993710692,0.0625,1,0.416666666666667,0.981751824817518,0.666666666666667,1,1,0,1,1,1,1,0,1,0.445255474452555,0.990291262135922,1,0.708333333333333,0.986842105263158,0,0.566929133858268,1,1,1,1,0.993464052287582,1,1,1,1,1,1,0.0714285714285714,1,0.318181818181818,1,0.991228070175439,1,1,1,0.0454545454545455,0.337209302325581,1,1,1,1,1,1,1,1,1,1,1,1,1,0.15028901734104,0.9,0.894736842105263,1,1,1,0.655172413793103,1,1,0.989010989010989,1,1,1,1,1,0.981818181818182,1,0,0,0.626865671641791,0.857142857142857,1,1,0.133333333333333,1,0.73134328358209,1,1,1,0.614864864864865,1,0.962264150943396,0.929411764705882,1,1,1,0.4,1,1,1,1,1,0.825174825174825,1,1,1,0,1,1,1,1,0.721311475409836,1,0.666666666666667,1,1,1,1,1,1,1,0.98936170212766,1,0.857142857142857,1,1,1,1,1,1,1,0.523809523809524,1,0,1,0.918918918918919,1,0.991769547325103,1,1,0.777777777777778,0.990536277602524,0.84375,1,1,0,1,0.918238993710692,0.840425531914894,1,1,1,1,1,1,1,0,0,1,1,0.997041420118343,0.933333333333333,0.695238095238095,0.694444444444444,0.683168316831683,0.880597014925373,1,1,1,1,1,1,1,0.725,0.764705882352941,1,1,1,1,1,1,0.921052631578947,0.865168539325843,1,1,0,0.9375,0.900269541778976,0.945454545454545,1,1,1,1,1,1,1,0.434782608695652,0.888888888888889,1,0.975609756097561,1,1,1,1,0.993670886075949,0.722222222222222,0.160714285714286,0.56043956043956,1,1,0.992537313432836,1,0.941860465116279,1,0.994444444444444,1,1,1,1,1,1,0.857142857142857,1,1,0.633333333333333,0.923076923076923,0.0708446866485014,1,0.594871794871795,1,1,0.909090909090909,1,0,1,1,1,1,1,1,0,0.9375,1,1,1,1,1,0.619047619047619,1,1,1,1,1,0.0434782608695652,0.946428571428571,1,1,1,1,1,0.867924528301887,1,0.709401709401709,0.15028901734104,1,1,1,1,1,0,0.991869918699187,1,0.282352941176471,1,0,1,0.982954545454545,1,1,1,1,0.978723404255319,0.918238993710692,1,0.633879781420765,0.337209302325581,0.989795918367347,1,1,1,1,0.395348837209302,1,1,0.75531914893617,1,1,1,1,0.937716262975779,1,0.989795918367347,1,0.325581395348837,0.9,1,1,0.909090909090909,1,0.708333333333333,0.552238805970149,0.944444444444444,1,0.753086419753086,1,1,0.607843137254902,1,1,1,0.008,0.84375,1,0,0.789473684210526,1,1,1,1,0.984496124031008,1,0.121428571428571,0.00709219858156028,0,1,1,1,1,0.709677419354839,0.727272727272727,0,1,1,1,1,0,0.616071428571429,0.641025641025641,1,1,1,1,1,1,0.891891891891892,1,1,1,1,0.330188679245283,1,1,1,0.709302325581395,1,1,0,1,1,1,1,1,0,0,1,0.885057471264368,1,0,1,1,1,1,0.496124031007752,1,1,0.992982456140351,1,0.708029197080292,1,1,1,1,1,1,0.91578947368421,0.65,1,1,1,1,0.75,0.91304347826087,0.80952380952381,0.0108695652173913,1,0,1,0,1,1,0.330188679245283,1,1,0.784530386740331,1,0.992537313432836,1,1,0.956521739130435,1,0,0,0.984848484848485,0.684210526315789,1,1,1,0.964912280701754,1,1,0.645161290322581,0.41025641025641,0,1,0.993788819875776,1,1,1,1,0.994219653179191,1,1,1,1,1,1,1,1,1,1,1,0.9,0.919540229885057,1,0.972972972972973,0.59375,0.811111111111111,0.791773778920309,1,1,1,1,1,1,1,0.6875,1,1,1,1,1,0.489583333333333,1,1,1,0.506172839506173,1,1,1,0.982142857142857,0.982758620689655,1,1,1,0.987012987012987,0.972222222222222,1,0.673076923076923,1,1,1,0.580745341614907,1,0.160714285714286,0.00324675324675325,1,0,1,1,1,0.794520547945205,0.8,1,0.436507936507937,1,0,1,1,0.997354497354497,1,1,1,1,1,1,0,1,1,0,0,0.964285714285714,0.242424242424242,1,1,1,0.875,0.919191919191919,1,1,1,1,0.994623655913978,0.923076923076923,0.673076923076923,0.231404958677686,1,1,1,1,1,0.666666666666667,0.949367088607595,1,1,1,1,0.896103896103896,1,1,0.989583333333333,1,1,1,1,1,0.85,0.684210526315789,1,0.985074626865672,1,1,1,1,1,1,0,1,1,1,1,1,0.340909090909091,1,0.98125,1,1,1,1,1,1,0.170305676855895,1,0,1,1,1,0,0.39041095890411,0.989010989010989,0.0754716981132075,0.780952380952381,0.688679245283019,1,0.684210526315789,1,1,0.444444444444444,1,0.842105263157895,1,0.944444444444444,1,0.675,0.675,1,1,0.896551724137931,1,1,0,0.909090909090909,0.611764705882353,0.617647058823529,1,0.170305676855895,1,1,0.19047619047619,1,1,0.636363636363636,0,1,0.183453237410072,1,1,1,1,1,0.85,1,1,1,1,1,1,1,1,1,0.666666666666667,1,1,0.636363636363636,0.235294117647059,1,1,0.982954545454545,1,1,0.231404958677686,0.00657894736842105,1,0.346153846153846,1,1,0,0,1,1,0.985611510791367,0.436507936507937,1,0.681818181818182,0.79126213592233,0.78743961352657,1,0.985221674876847,0.99468085106383,1,0.995708154506438,1,1,1,0.837837837837838,1,1,1,1,1,0.963414634146341,1,1,1,1,1,0.639097744360902,1,0.190789473684211,1,1,1,1,1,0,1,1,1,1,0.964912280701754,1,1,0.777777777777778,0.888888888888889,0.995121951219512,1,0.5,1,1,1,1,1,1,1,1,0.85,1,1,0.50314465408805,1,1,1,0.990476190476191,1,1,0.434782608695652,1,1,0.557692307692308,0.729166666666667,0.964285714285714,1,1,1,0,1,0.695652173913043,1,1,1,0.995024875621891,1,1,1,1,1,1,1,0,1,1,0.923076923076923,1,0,0,0.321428571428571,0.00709219858156028,0,1,1,0.980392156862745,1,0.673913043478261,1,0.829787234042553,0.65625,1,1,1,1,0.4,0.994082840236686,1,1,0.321428571428571,0.995412844036697,1,1,1,1,0,1,1,0.988888888888889,0.639705882352941,0.567164179104478,0,0.7875,0.395348837209302,1,0.828877005347594,1,1,1,1,0.9375,1,0.0566037735849057,1,1,1,1,1,1,1,1,0.036036036036036,1,1,1,1,0.431906614785992,0.91970802919708,1,1,0.864864864864865,1,0.638297872340426,0.666666666666667,1,1,0.842105263157895,0.856502242152466,0.460869565217391,1,1,1,1,1,1,0.951807228915663,1,0.813953488372093,1,1,1,0.84,0.0727272727272727,0.984,1,1,1,0,1,1,0.75,1,1,1,1,1,1,1,1,1,0.125,1,1,0.833962264150943,1,0.990147783251232,1,0.958677685950413,1,0.916666666666667,0.037037037037037,0.0188679245283019,0,0,1,0.980392156862745,0.721311475409836,1,1,1,1,1,1,1,1,1,0.933333333333333,0.939890710382514,0.923913043478261,0.981132075471698,1,1,1,1,0.987012987012987,0.994413407821229,0.982954545454545,0,0,1,1,1,1,1,0.252173913043478,1,1,1,1,1,0.992125984251969,1,1,1,1,1,0.344827586206897,0.782608695652174,1,1,1,1,1,0.9,1,0.931818181818182,1,0.990536277602524,1,1,1,1,1,1,1,1,1,1,0.880952380952381,0.990131578947368,0.421052631578947,1,0.122137404580153,0.944444444444444,0.878048780487805,1,1,0.888888888888889,0.983050847457627,1,0,1,1,1,0.00595238095238095,0.697674418604651,1,0.95,1,1,0,0.811111111111111,0.145695364238411,1,1,1,1,1,0.994791666666667,1,1,1,1,1,0.984293193717278,1,0,0,1,1,1,1,1,1,0.756410256410256,1,1,0.83739837398374,1,1,0.5,0.962962962962963,0.2,0.0434782608695652,1,0.769230769230769,0.967948717948718,0.278481012658228,0.673076923076923,1,1,1,1,1,1,0.388059701492537,1,1,1,0.777777777777778,0.909090909090909,0.888888888888889,0.896551724137931,1,1,1,0.158333333333333,1,1,1,1,1,1,1,1,1,1,1,1,1,1,0,1,1,1,1,0.972868217054264,1,1,1,1,0.0769230769230769,1,0.698412698412698,1,1,1,1,1,1,0.99,1,0,1,1,0.828571428571429,1,1,1,1,1,1,0.416666666666667,0.636363636363636,0.421052631578947,1,1,1,1,0.917602996254682,1,1,1,0.55,0.99009900990099,0.596153846153846,0.617647058823529,1,0.719512195121951,1,1,1,1,0,1,1,1,1,0.933333333333333,0.84,0.32258064516129,1,1,0.833333333333333,1,0.85981308411215,0.796610169491525,1,1,1,1,1,1,1,1,1,0,0.732758620689655,1,0.0555555555555556,1,0,1,0,0.997333333333333,0.723404255319149,0.496124031007752,1,0,1,0.85981308411215,1,1,1,0.993865030674847,1,0.987951807228916,0.989690721649485,0.988950276243094,0.566326530612245,1,1,1,1,1,1,1,1,1,0.0508474576271186,1,1,1,0.806896551724138,1,1,0,0,0,0,1,1,1,0.986842105263158,1,1,6
"RS_04_T_per",0.315789473684211,1,0.997222222222222,1,1,1,0.455696202531646,1,0.912087912087912,0.0769230769230769,0.840909090909091,1,0.981481481481482,0.916666666666667,1,0.981481481481482,0.0657894736842105,0,0.0136986301369863,1,0.0217391304347826,1,0,0.92822966507177,0.91566265060241,0.843137254901961,0,1,1,0.88,0.05,1,0.930434782608696,1,1,1,0.514880952380952,0,0.968421052631579,0.572815533980582,0.0384615384615385,0,0.995433789954338,0.841628959276018,1,1,1,1,0.949152542372881,1,0.968354430379747,1,0.569105691056911,0.883116883116883,0.920634920634921,0.833333333333333,1,0.850877192982456,0.839285714285714,0.931972789115646,0.990384615384615,0.992700729927007,0.483050847457627,1,0.87962962962963,0.884297520661157,0.898550724637681,1,0.227272727272727,1,1,0.572815533980582,0.928571428571429,1,0.215909090909091,1,0.909090909090909,0.894495412844037,0.62882096069869,0.651260504201681,0.707792207792208,1,0.829268292682927,1,0.0434782608695652,0.959183673469388,1,1,0.547945205479452,1,0.941908713692946,1,1,0.983333333333333,0.932692307692308,0.616438356164384,0.993548387096774,1,1,1,0.986111111111111,0.986486486486487,0.947368421052632,1,0.666666666666667,1,1,0.994350282485876,0.594488188976378,0.467741935483871,1,1,1,0.958702064896755,0.261904761904762,1,1,0.832142857142857,0.990384615384615,1,0.821882951653944,1,0.984126984126984,1,1,0.433333333333333,0.741176470588235,0.931034482758621,1,1,0.852631578947368,1,0,1,1,0.959276018099548,1,1,0.453125,1,1,0.863636363636364,0.984126984126984,0.911764705882353,1,1,0.942028985507246,0.887640449438202,0,1,1,0.942857142857143,0.96,1,1,0.452380952380952,0.959349593495935,1,0,0.0117647058823529,1,1,0.315789473684211,0.951298701298701,0.122448979591837,1,1,0.899082568807339,1,1,0.988235294117647,1,1,0,0.789272030651341,0.398148148148148,0.125,0.823943661971831,0.573170731707317,1,1,1,0.684971098265896,1,0.853211009174312,1,0.834302325581395,1,0.988505747126437,1,1,1,0.764227642276423,1,1,0.991935483870968,1,0.0217391304347826,1,1,0.958702064896755,0.788732394366197,0,0.305970149253731,1,0.915057915057915,0.989583333333333,0.838196286472148,0.965425531914894,1,0.94392523364486,0.961538461538462,1,0.989010989010989,1,1,1,0,1,1,1,1,0.831578947368421,0.91578947368421,0.972222222222222,0,0.0952380952380952,1,1,1,0.956521739130435,0.727272727272727,1,0.941964285714286,0,0.0227272727272727,1,1,0.702380952380952,0,1,0.753086419753086,1,1,0.214285714285714,0.2,1,1,0,0.950570342205323,0.981927710843373,0.391304347826087,0.807692307692308,0.845070422535211,0.112676056338028,1,0.0136986301369863,1,1,0,1,1,1,0.994594594594595,1,0.990909090909091,1,1,0.258426966292135,1,0.333333333333333,1,0.4,1,0.345454545454545,0.391304347826087,0.303921568627451,0.543859649122807,0.409722222222222,0.964285714285714,0.985981308411215,1,0.99,1,0,0.64,0.964912280701754,1,0.212121212121212,0.0229007633587786,0.0151133501259446,0.0125944584382872,0.0127877237851662,0.68,1,0,0.398907103825137,1,0.268041237113402,1,1,0.142857142857143,1,0.991379310344828,0.761538461538461,1,0.964285714285714,1,1,0.910071942446043,0.768888888888889,1,1,1,1,1,1,0.193548387096774,1,1,1,0,0.559895833333333,0.992647058823529,1,1,0.995260663507109,0.0263157894736842,0.0588235294117647,1,1,0.758389261744966,0.636363636363636,0.928571428571429,1,0.591549295774648,1,1,1,1,1,1,0.954198473282443,0.83,0.74869109947644,1,0.785714285714286,1,0.904109589041096,0.990196078431373,1,1,1,0.603112840466926,0.594488188976378,0.60077519379845,0.738095238095238,0.827586206896552,0.9375,0.869565217391304,0.846153846153846,0.678571428571429,1,1,0.04,0,0,0.975609756097561,1,1,1,1,0.573333333333333,0,0,0.931297709923664,0.824786324786325,0.947154471544715,0.834355828220859,0.946969696969697,0.476744186046512,0.345454545454545,0.222222222222222,1,1,1,0.95,0.612903225806452,1,0,1,0.416666666666667,0.0526315789473684,0.888888888888889,1,1,0.994252873563218,0.950980392156863,0.990476190476191,0,0,1,1,0.669902912621359,1,1,1,1,1,1,1,1,0.352112676056338,0.675675675675676,0.995098039215686,1,0.403508771929825,0.587591240875912,0.470588235294118,1,1,0.506666666666667,1,0.0510204081632653,1,1,1,0.997448979591837,1,0.970491803278689,0.602941176470588,1,1,0.651260504201681,0.96,1,1,0.99740932642487,1,1,0.486842105263158,1,0.38676844783715,0.987654320987654,0.98314606741573,0.921875,0.991596638655462,0.932126696832579,1,1,0.863013698630137,0.990566037735849,1,1,1,0.964285714285714,0.455696202531646,1,1,0.778801843317972,0,1,1,0.826086956521739,1,0,0,1,1,1,1,1,0.3,0.928571428571429,1,0.98780487804878,0.909090909090909,0.902777777777778,1,1,1,0.956521739130435,1,0.990909090909091,0.953804347826087,1,0.7,0.957671957671958,1,0.808411214953271,0.96,0.914285714285714,1,1,0.457627118644068,1,0,1,0.8,0.923076923076923,0.887096774193548,0.976190476190476,1,0.705882352941177,1,1,1,0.889328063241107,0.991935483870968,1,0.928783382789317,0.829268292682927,1,0.806451612903226,1,1,1,0.994318181818182,0.959349593495935,0.958677685950413,1,0,0.906976744186046,0.994666666666667,1,1,0.384615384615385,1,1,1,0.364485981308411,0.046875,0.633333333333333,0.590909090909091,1,1,1,0.857142857142857,0,0.791044776119403,1,1,0.08,1,0.0147058823529412,0.957671957671958,0.861702127659574,1,0,0.680851063829787,1,1,1,0,0.997389033942559,1,1,0.0549450549450549,0.043956043956044,1,0.0087719298245614,0.511049723756906,0.689655172413793,1,1,0.615384615384615,0.878787878787879,0.928251121076233,1,0.993006993006993,1,0.765060240963855,0.978021978021978,0.973684210526316,0.987654320987654,0.0285714285714286,1,0.984848484848485,0.0384615384615385,0,0.129032258064516,0.914634146341463,0.406593406593407,0,1,1,0.986175115207373,0.94392523364486,1,1,1,1,1,0.988095238095238,0.571428571428571,0,0,1,0.8,0.106060606060606,0.929577464788732,1,1,1,0.592592592592593,1,0.994219653179191,1,0,0.326086956521739,0.934426229508197,0.573333333333333,0.563380281690141,0.644067796610169,1,0.491228070175439,1,1,0.88135593220339,1,0.993006993006993,0.220689655172414,0,0.0230769230769231,1,1,0.994594594594595,0.845238095238095,0.993243243243243,1,1,0.984375,1,0.111111111111111,0.993464052287582,1,1,0.827586206896552,0.535483870967742,1,0.520547945205479,0.918918918918919,0.654761904761905,1,0.708609271523179,0.370967741935484,0.56,0.987421383647799,0.980582524271845,0,1,1,0.945945945945946,0.633802816901408,1,0.902777777777778,1,1,1,0.721153846153846,1,1,0.991304347826087,0.75,1,0.938223938223938,0.0769230769230769,1,0.941747572815534,0,1,1,1,1,0.914893617021277,0.448559670781893,0.0882352941176471,1,0.673469387755102,0.153846153846154,0.016,0.646341463414634,0.710144927536232,0.967741935483871,1,0.992753623188406,0.575342465753425,0.935323383084577,1,1,0.144628099173554,0.61734693877551,0.916666666666667,1,0.783216783216783,1,1,1,0.99537037037037,1,1,1,0.85,0.893617021276596,1,0.99438202247191,0.934959349593496,0.991228070175439,1,1,0.452054794520548,1,0,1,0.985714285714286,0.655384615384615,1,1,0.631921824104234,1,1,1,1,1,0.172413793103448,0,0.939024390243902,1,0.0256410256410256,1,0.388059701492537,0,1,0.224066390041494,1,0.3,0.459183673469388,0.210144927536232,0.604651162790698,0.8,1,1,0.5,1,0.72,1,1,0.0833333333333333,0.0857142857142857,1,0.438775510204082,0.00961538461538462,0.00458715596330275,1,1,1,1,0.0087719298245614,1,0.895833333333333,0.00714285714285714,0.466101694915254,0,1,1,0,0.0384615384615385,0.810606060606061,0.756756756756757,0.794117647058823,0.95,0.609022556390977,0,0.246666666666667,0.990476190476191,0.597359735973597,0.950738916256158,0.929936305732484,0.557142857142857,0.995412844036697,0.72972972972973,0.567567567567568,1,1,0.583333333333333,0,0.846153846153846,1,0.676470588235294,0,1,0.898305084745763,0.705882352941177,0.536231884057971,1,1,0.941176470588235,0.968253968253968,0.975,0.495412844036697,1,1,0.277310924369748,1,1,0.953947368421053,1,0.19047619047619,0.814207650273224,0.121951219512195,1,1,1,0.559241706161137,0.368556701030928,0,1,1,1,1,1,1,0,0.896103896103896,1,1,0.405797101449275,0.397058823529412,1,1,0.52,1,1,1,1,1,0.822784810126582,1,0.246913580246914,0.533783783783784,0.856164383561644,0.918918918918919,0.981366459627329,1,1,0.880952380952381,1,1,1,1,0.904761904761905,1,0.170731707317073,1,1,1,1,1,0.455696202531646,1,1,1,1,0.535911602209945,0.726315789473684,1,0.852631578947368,0.381294964028777,1,1,0,1,1,1,1,1,0.91578947368421,0.818181818181818,0.34010152284264,0.935656836461126,1,0.428571428571429,1,0.688073394495413,0.932692307692308,1,1,1,1,1,0.242990654205607,1,1,0.794871794871795,0.850746268656716,0.24,1,1,0.592307692307692,0.735294117647059,1,0.513888888888889,1,1,1,0,0.986577181208054,0.153846153846154,1,0.176470588235294,1,0.00664451827242525,0.516455696202532,1,1,1,0.670212765957447,0.0416666666666667,1,1,1,1,1,0.842342342342342,0.777777777777778,1,1,0.615671641791045,0.600917431192661,0.98326359832636,1,1,0.873417721518987,0.967741935483871,0,0.916279069767442,0,1,0.538461538461538,1,1,1,1,1,0.727272727272727,1,1,1,1,1,0.0625,0.865853658536585,0.662790697674419,0.894366197183099,1,1,0.790322580645161,0.906735751295337,1,1,1,1,0,1,1,0.478260869565217,0.677506775067751,1,1,0.406593406593407,1,0.181818181818182,0.181818181818182,1,1,1,1,1,1,0.772727272727273,1,0.845070422535211,0.0555555555555556,1,0.125,1,0.979253112033195,0.979674796747967,0.51931330472103,0.491452991452991,0.724867724867725,0.804289544235925,0.230769230769231,0,1,1,0.981818181818182,0.189189189189189,0.671111111111111,1,1,0.956521739130435,0.956521739130435,0.280701754385965,1,1,0.5,1,0.966386554621849,0,1,0.411764705882353,0.666666666666667,0.707006369426752,0.705069124423963,0.660493827160494,0.258278145695364,1,0.808411214953271,0.993589743589744,1,1,1,0.741935483870968,1,1,1,0.986666666666667,1,1,0,0.431506849315068,1,0.770491803278688,0.990825688073395,1,1,0.9765625,0.611464968152866,0,1,1,0.698689956331878,0.00418410041841004,0.96969696969697,0,0.809352517985611,1,0.909090909090909,0,1,0.829268292682927,1,0.773049645390071,1,1,0.976744186046512,0.230769230769231,0.992857142857143,1,1,1,1,0.0363636363636364,0.893081761006289,0.978102189781022,0.448559670781893,0.0898876404494382,1,0.761904761904762,1,0.0172413793103448,0.371428571428571,1,0.377358490566038,1,1,1,0.98019801980198,1,1,0.696,1,1,1,0.840909090909091,0.142857142857143,0.181818181818182,0.166666666666667,1,0.888888888888889,1,1,0.933333333333333,1,0.686666666666667,0,0.791666666666667,1,0.558704453441296,0.415789473684211,0.2,1,0,0,0.958333333333333,1,1,1,0.0488599348534202,1,0.837455830388693,0.666666666666667,1,1,0.994186046511628,1,0.976,0.592307692307692,1,1,1,0.606837606837607,1,1,1,1,1,0.994505494505495,0.994535519125683,0.994505494505495,0.727272727272727,0,1,1,0.984848484848485,1,0.725490196078431,0.555555555555556,0.388059701492537,0.5,1,0.989247311827957,1,0.846153846153846,1,1,1,1,0.78494623655914,0.879518072289157,0.111111111111111,1,1,1,1,1,0.722222222222222,0.8,0.580246913580247,1,0,1,1,1,0.26007326007326,0,0.719178082191781,0.727272727272727,0.797169811320755,1,0.15,1,0.65587044534413,0.993150684931507,1,0.808290155440414,1,1,1,0.893333333333333,0.894736842105263,0.591549295774648,0,1,1,0.994818652849741,1,0.840579710144927,0.751824817518248,0.748091603053435,0.384615384615385,0.431506849315068,0.35042735042735,1,1,1,1,1,1,0.429319371727749,0.9375,1,1,1,0.995121951219512,1,0.125,1,1,0.952941176470588,0,1,0.87598944591029,1,1,1,1,1,1,1,0.981132075471698,0.303030303030303,0.342857142857143,0.352112676056338,1,1,0.993103448275862,0.993055555555556,0.993150684931507,0.682310469314079,0.559241706161137,0.258278145695364,1,1,0.468468468468468,0.54639175257732,1,1,1,0.91304347826087,1,1,1,1,1,0.0263157894736842,0.5,1,0.702702702702703,0.0224719101123595,1,1,1,0.66304347826087,1,1,0.916666666666667,1,0.350649350649351,0.859649122807018,1,0.460526315789474,0.691011235955056,1,0.735294117647059,0.0588235294117647,1,1,0.946666666666667,1,1,1,0,1,1,1,1,1,0.0133928571428571,0.709090909090909,1,1,1,1,1,0.739776951672863,1,0.457627118644068,0,1,0.666666666666667,1,1,0.829268292682927,0.230769230769231,0.941176470588235,1,0.869158878504673,1,0,1,0.744588744588745,0.012987012987013,0.280487804878049,1,1,1,0.538461538461538,1,0.81651376146789,0.474358974358974,1,0.826666666666667,0.411764705882353,0.8,1,0.75,0.88,0,0.361290322580645,0.982857142857143,1,1,1,0.771812080536913,0.991701244813278,1,0.99468085106383,0.609756097560976,0.930232558139535,1,0.891891891891892,0.992337164750958,1,1,0.627450980392157,1,0.680851063829787,0,1,0.94,0,1,0.808823529411765,0.931818181818182,0,1,1,0,0.806451612903226,0.953333333333333,0.875,1,0.982456140350877,1,0,0.402439024390244,0.025,0,1,0.153846153846154,1,0.701298701298701,1,1,0.0204081632653061,0.869158878504673,1,1,1,0.48689138576779,0.408163265306122,1,1,0.261146496815287,1,0.982758620689655,1,0.615384615384615,0.327433628318584,0.71044776119403,0.829351535836177,1,1,0.0142857142857143,1,1,0.651162790697674,0.770114942528736,1,1,0,1,0.984732824427481,1,1,1,0,0,1,0.837455830388693,1,0.467741935483871,0.0416666666666667,1,1,1,0.0588235294117647,0.995475113122172,1,0.75,0.895833333333333,0.888888888888889,1,1,1,0.996753246753247,1,0.724137931034483,1,0.630434782608696,1,1,1,1,0.911764705882353,0.831168831168831,0.89041095890411,0.0510204081632653,1,0.037037037037037,0.6,0,0.970873786407767,0.829351535836177,0.0256410256410256,1,1,1,0.416666666666667,0.468864468864469,0.816326530612245,1,0.414285714285714,1,0.18848167539267,0.195652173913043,1,0.146496815286624,0.996794871794872,1,1,0.162790697674419,0.806451612903226,1,0.00714285714285714,0.0757575757575758,0,0.994764397905759,0.951406649616368,0.952380952380952,1,0.782608695652174,0.739130434782609,0.811023622047244,0.784313725490196,0.923076923076923,1,1,1,1,1,0.994791666666667,0.991304347826087,0.625698324022346,1,0.0102040816326531,1,1,1,1,0.416309012875536,0.725593667546174,1,1,1,1,1,1,1,0.188461538461538,1,1,1,1,1,0.02,1,0.989189189189189,1,0.552238805970149,1,0.787234042553192,1,0.778481012658228,0.79874213836478,1,0.986666666666667,0.989247311827957,0.805031446540881,1,1,0.979381443298969,1,1,1,1,0.517543859649123,1,0,1,1,1,0.0326797385620915,1,0.634980988593156,0.727574750830565,1,0.837988826815642,1,0,1,1,0.991978609625668,0.777777777777778,1,1,1,1,0.72,0.706666666666667,1,1,0.144654088050314,0.204918032786885,0,0.00598802395209581,1,1,0.988636363636364,0,0.4,1,1,0.983050847457627,1,1,1,0.667506297229219,0,1,1,1,0.787465940054496,1,0.166666666666667,0.844827586206897,0.951219512195122,1,0.819672131147541,1,1,1,1,0.761904761904762,1,1,0.95,0.991978609625668,1,0.925,0.241071428571429,0.966666666666667,1,1,1,1,1,1,0.731707317073171,0,1,0.919014084507042,1,1,1,0.365853658536585,1,0.992481203007519,1,0.96969696969697,1,1,1,1,0.634920634920635,0.852459016393443,0.75,1,1,0.91304347826087,0.95,0.935656836461126,0.95,0.923076923076923,1,1,0.398148148148148,0.952380952380952,1,1,0.25,0.95,1,1,1,1,0.994750656167979,0.994609164420485,1,0.314285714285714,0.311111111111111,0.888888888888889,1,0,0.964285714285714,0.743589743589744,0.285714285714286,1,0,1,1,0.534883720930233,0.840909090909091,1,0.91005291005291,0.161290322580645,1,0,0.05,1,1,1,1,0.604395604395604,0.397769516728625,1,1,1,1,1,1,0.78494623655914,0.449438202247191,0.933333333333333,0.758620689655172,0.263157894736842,0,0.528138528138528,0.544973544973545,1,0.971428571428571,1,1,0.0833333333333333,0.508426966292135,1,0.325,0.897196261682243,1,0,0.00806451612903226,0.261146496815287,0.987341772151899,0.984227129337539,0.667532467532468,1,0.26007326007326,0.130434782608696,0.685714285714286,1,0.356521739130435,0.839285714285714,1,0.8,1,1,0.0192307692307692,0.782608695652174,0.988372093023256,1,1,0.764331210191083,1,1,1,0,0.885245901639344,0.642458100558659,0.738095238095238,0.935897435897436,0.934131736526946,0.817757009345794,1,0.84,0.536231884057971,0.104166666666667,0.826666666666667,0.125,1,1,1,1,0,0.988372093023256,0.887096774193548,0.950867052023121,0.879518072289157,1,0.75503355704698,0.0172413793103448,0.803448275862069,0.0161290322580645,1,1,1,0.9800796812749,1,1,0.822784810126582,0.481481481481481,0.7,1,1,1,1,1,1,1,1,1,0.220689655172414,0.231884057971014,0.738532110091743,0.9,1,1,1,1,1,1,0.967532467532468,0.965811965811966,0.444444444444444,1,0.0583333333333333,1,0.625,1,0.984126984126984,1,1,1,1,0.991869918699187,0.909090909090909,1,1,0.666666666666667,0.916167664670659,0.689189189189189,1,1,0.948051948051948,0.927536231884058,0.75609756097561,0,1,1,1,1,1,0.518518518518518,0.666666666666667,0.92741935483871,0.994444444444444,0.387096774193548,0.96875,0.142857142857143,0.97037037037037,0.986062717770035,1,1,0.988304093567251,0.5,1,0.457627118644068,1,0.544444444444444,0.953488372093023,0,0.657142857142857,0.166666666666667,0.588235294117647,0.833333333333333,0.88659793814433,1,0.83974358974359,0.953703703703704,0.957627118644068,0.585365853658537,1,1,1,1,1,1,0.857142857142857,1,0.957055214723926,0.182795698924731,1,1,0.582278481012658,1,0.307692307692308,0.580645161290323,1,1,0.6,1,0.7,0.881578947368421,1,0.995121951219512,0.823943661971831,0.893333333333333,0.0344827586206897,0.9375,0.903846153846154,0.938775510204082,1,1,1,0.544117647058823,0.887096774193548,0.893617021276596,1,0.842105263157895,0.942528735632184,0.433962264150943,0.277777777777778,0.875,0.9375,0.835820895522388,0.846153846153846,0.149732620320856,1,0.85,0.6,1,1,1,1,0.705882352941177,0.743190661478599,0.824701195219124,0.739583333333333,1,0.928571428571429,1,0.900552486187845,0.573099415204678,1,0.0666666666666667,0.992217898832685,1,0.566137566137566,0.857142857142857,0.0175438596491228,0,0.0256410256410256,0.027027027027027,0.947368421052632,0.972972972972973,0.276872964169381,0.770491803278688,1,1,0,1,0.994791666666667,1,0.476851851851852,0.949197860962567,0.928251121076233,1,0.857142857142857,0.902777777777778,1,1,1,1,1,0.854651162790698,0.597315436241611,0,0.1,1,0.432692307692308,1,1,1,0.634615384615385,0.580547112462006,0.0909090909090909,0.169230769230769,0.808823529411765,0.994974874371859,1,0.891566265060241,1,1,0.964705882352941,0.363636363636364,0.527027027027027,0.945945945945946,1,0.994444444444444,1,1,1,0.896551724137931,0.992857142857143,0.458333333333333,1,0.621052631578947,1,1,0.803448275862069,1,1,1,1,1,1,1,0.466101694915254,0.916666666666667,1,0.951298701298701,0.832474226804124,0.980392156862745,0.96969696969697,0.96969696969697,0.976744186046512,0.872340425531915,1,1,0,1,1,1,0.325,0.986754966887417,1,0.735294117647059,0.684563758389262,0.991596638655462,0.985507246376812,0.05,0.0516129032258065,0.563380281690141,0.616438356164384,0.846666666666667,0.0263157894736842,0.96969696969697,0.993464052287582,1,1,1,1,1,0.993333333333333,1,0,0,1,0.839416058394161,0.852713178294574,1,1,1,0.57840616966581,1,1,1,0.970588235294118,0.122448979591837,0.596858638743455,0.55,0.794117647058823,0.0227272727272727,1,0.87890625,1,0.4,1,1,0.785714285714286,0.997340425531915,1,1,0.563380281690141,0.707692307692308,0.320610687022901,0.733644859813084,0.857142857142857,0.5,0.787465940054496,1,1,1,1,1,0.983333333333333,1,1,1,1,1,0.567567567567568,0.58041958041958,0.708074534161491,1,1,0.954545454545455,1,0.8,1,0,1,1,1,1,0,1,1,0.895161290322581,1,0.968253968253968,1,1,1,1,0.858695652173913,0.971428571428571,0.954802259887006,0.5,0.875,1,0.360215053763441,0.992063492063492,1,0.44299674267101,0.98780487804878,0.435897435897436,0.75,0,1,1,0,0.228187919463087,0.984042553191489,1,1,0.878787878787879,1,0.96078431372549,1,0.930232558139535,0.625,0.56140350877193,1,1,1,1,1,0.9,1,1,1,0,1,0.555555555555556,1,1,1,0.654761904761905,1,1,0.653846153846154,1,1,1,0.99236641221374,1,1,1,0.933333333333333,1,1,1,1,1,1,0.817460317460317,0.714285714285714,0.116504854368932,0.96969696969697,0.0454545454545455,1,0,1,0.863636363636364,0.010989010989011,0.98019801980198,0.878640776699029,0,0.346153846153846,0.83265306122449,1,1,0.991489361702128,0.941964285714286,0.88646288209607,0.5,0.809859154929577,1,1,0.996350364963504,1,1,1,0.679245283018868,1,0.9375,1,0.285714285714286,0.402298850574713,1,1,0.879213483146067,1,0.851063829787234,0,0,0,0.137931034482759,1,0.75,1,0.787234042553192,1,1,1
"RS_05_T_per",1,1,1,0.996951219512195,1,1,1,0.858447488584475,0.994117647058824,0.0229885057471264,1,1,0.91578947368421,1,1,1,1,0.448979591836735,0.176470588235294,1,0.0333333333333333,1,0,0.957317073170732,0.985294117647059,1,1,1,0.971428571428571,0.993710691823899,1,1,0.995833333333333,0.727272727272727,1,0.405882352941176,0.501424501424501,0.0655737704918033,1,1,1,0,1,0.977272727272727,1,1,1,1,1,1,1,1,0.315789473684211,1,1,1,1,1,0.947368421052632,0.993150684931507,0.985915492957746,0.988636363636364,1,1,0.993788819875776,0.981366459627329,0.994708994708995,1,1,0.988372093023256,0.972972972972973,0.813397129186603,1,0.0677966101694915,0,1,1,1,0.814285714285714,0.946859903381642,1,0.306818181818182,1,1,0.918918918918919,1,1,1,0.689655172413793,1,1,1,1,1,1,1,1,1,1,0.0853658536585366,1,1,0.883720930232558,0.981132075471698,1,1,1,0.3125,1,1,1,1,1,1,1,0.793594306049822,1,0.994609164420485,0.934579439252336,1,1,1,1,1,1,0.951388888888889,0.727272727272727,0.979865771812081,1,1,1,1,0.0140845070422535,0.996763754045307,1,1,0.980392156862745,1,1,1,1,1,0.982456140350877,1,1,1,0.780120481927711,0.720994475138122,0.0384615384615385,1,1,1,0.912891986062718,1,1,1,1,1,0.681818181818182,0.104938271604938,1,1,1,0.925925925925926,0.898148148148148,1,0,1,1,1,1,1,1,0.0108695652173913,1,1,1,1,0.805555555555556,1,1,0.989010989010989,1,1,0.911111111111111,1,1,1,0.712765957446808,1,0.935483870967742,0.980769230769231,0.231155778894472,1,1,1,0.992957746478873,1,1,0.947916666666667,0.915492957746479,0.943820224719101,0,0.911504424778761,1,0.898876404494382,1,0.68,1,1,0.191616766467066,0.182926829268293,0.92,1,0.897435897435897,0.411111111111111,0.825641025641026,0,1,1,1,0.933333333333333,0.818181818181818,0.8,0.957142857142857,1,1,1,1,0.838709677419355,0.915492957746479,0.981132075471698,0.391304347826087,0.891304347826087,0,0,1,1,0.811320754716981,0,1,0.489051094890511,1,1,0.024390243902439,1,1,1,0,0.982456140350877,1,1,1,1,1,1,0.6,1,1,0,1,1,0.981927710843373,1,0.764705882352941,0.97979797979798,1,1,0.333333333333333,0.96875,1,1,0.621004566210046,0.916666666666667,1,0.0188679245283019,1,1,0.7,1,0.947368421052632,1,1,1,0.325,1,0.397350993377483,0.984848484848485,0,1,1,1,1,0.764705882352941,1,1,1,1,1,1,1,0.301204819277108,1,1,1,1,1,1,0.162790697674419,1,1,1,1,1,1,1,1,1,1,1,1,0.893617021276596,0.306930693069307,0.880530973451327,1,1,1,0,0.4375,0.857142857142857,1,1,1,0.846153846153846,1,0.815126050420168,0.989690721649485,1,0.848837209302326,1,1,1,1,1,1,1,1,1,0.433333333333333,0.9957805907173,1,1,1,1,1,1,0.979591836734694,0.875,0.656,1,1,1,1,0.989690721649485,1,0,1,0.851948051948052,1,0.788461538461538,1,1,0.943661971830986,0.136363636363636,0.0909090909090909,1,0.981481481481482,0.852631578947368,0.973404255319149,1,1,1,1,1,0.833333333333333,1,1,1,0.984771573604061,0,1,0.414634146341463,0,0.44,1,0.530434782608696,1,0.739130434782609,1,0.685534591194969,1,1,1,1,1,1,1,0.996845425867508,1,0.987951807228916,1,1,1,0.98,1,1,0.860215053763441,0.703125,0.759433962264151,1,1,1,1,0.882352941176471,0.972972972972973,0.972222222222222,1,1,0.815094339622642,1,1,1,1,0.943396226415094,1,1,1,1,1,1,0.764705882352941,1,1,1,0.966836734693878,0.952380952380952,0.973451327433628,0.977941176470588,1,0.983333333333333,1,0.954545454545455,0.704119850187266,1,1,1,0.644736842105263,0.995967741935484,1,1,1,0.814285714285714,1,0.99375,1,0,0,1,1,1,1,1,1,1,1,0.987654320987654,0.9,0.5,1,0.878048780487805,1,1,1,1,1,0.6,0.928571428571429,1,1,1,0.111111111111111,0.216867469879518,1,1,1,0.838961038961039,0,1,1,0.662337662337662,0.878048780487805,0.952380952380952,0.614035087719298,1,1,1,1,1,1,0.992063492063492,1,1,1,1,0.972972972972973,1,1,1,0.988235294117647,1,1,1,1,1,1,1,1,1,1,1,0,0.733333333333333,1,0.307692307692308,1,0.985714285714286,1,0.967741935483871,0,1,1,1,0.918367346938776,0.968421052631579,0.081447963800905,1,1,1,0,1,1,1,1,0,1,0.99737532808399,1,1,0.9875,1,0.0136986301369863,0.336585365853659,1,1,0.644927536231884,0.137931034482759,1,0.708860759493671,1,1,1,1,1,1,1,0,1,1,1,0.125,0.016260162601626,0.973568281938326,1,1,1,1,0.967032967032967,1,1,0.894736842105263,1,1,1,0.875,1,0.513888888888889,0,1,0.975,1,1,0.978723404255319,1,1,0.96551724137931,0.981132075471698,1,1,1,0.096,0.985915492957746,1,0.996551724137931,1,1,1,0.985915492957746,1,1,1,0.993197278911565,1,0.4,1,1,1,1,0.985294117647059,0.25,1,1,0.852631578947368,0.00694444444444444,0.547945205479452,0.96551724137931,1,1,1,1,1,0.596385542168675,1,0.444444444444444,1,0.984848484848485,0,1,0.835497835497836,0.735449735449735,0,1,1,1,0,1,1,1,1,1,1,1,1,1,0.967032967032967,1,0.758241758241758,0.7875,1,0.598591549295775,1,1,1,1,1,1,0.868571428571429,1,1,1,1,0.722222222222222,0.964102564102564,0.824175824175824,0,1,1,1,1,0.645833333333333,1,0.869346733668342,0.00334448160535117,1,1,0.947368421052632,1,1,0.96551724137931,1,1,1,0.982456140350877,1,1,1,0.958333333333333,1,1,1,1,1,1,0.125,1,1,1,1,1,0.984848484848485,1,1,1,0.988505747126437,1,0.888888888888889,0.243589743589744,1,0.616279069767442,0.772151898734177,1,0,1,1,0.396946564885496,0.992957746478873,1,0.477477477477477,0.508928571428571,1,1,1,1,1,1,1,1,1,1,1,1,1,0.983333333333333,0.984126984126984,1,1,1,1,0,0.735632183908046,1,1,0,0.338461538461538,0.898305084745763,0.981818181818182,0,1,0.468852459016393,0.886075949367089,1,0.835164835164835,0.991150442477876,0,1,1,1,1,1,1,1,1,1,1,1,0.666666666666667,0,1,1,0.909090909090909,0.554166666666667,1,0.975409836065574,0.983050847457627,1,1,1,1,1,0.181818181818182,1,1,1,0,1,1,1,1,0.986301369863014,0.988372093023256,0.0655737704918033,1,1,1,0.885714285714286,0.00256410256410256,0,1,1,1,0.35,1,1,1,0.986486486486487,1,1,0.486486486486487,0.438356164383562,1,1,0.111111111111111,0.985781990521327,0.748815165876777,0.997389033942559,1,1,1,1,0,1,1,1,1,1,0.978835978835979,1,0,1,1,0.875,1,1,0,1,0.989247311827957,0.988505747126437,0.748427672955975,0.9625,0.414634146341463,1,1,1,1,0.0273224043715847,0.545454545454545,1,1,0.00826446280991736,0.983050847457627,0.982758620689655,0.7,1,1,0.87037037037037,1,1,1,0.882352941176471,0.375,0.973190348525469,0.894736842105263,1,0.096,1,1,0.634146341463415,1,1,1,1,1,1,1,1,1,1,0.788235294117647,1,1,1,1,1,1,1,1,0.68141592920354,0.524163568773234,0,1,0,1,0.207253886010363,0.662162162162162,1,1,1,0.375,0.672727272727273,1,0.942857142857143,1,1,1,1,1,0,1,0.813829787234043,1,0.994186046511628,0.78698224852071,0.535211267605634,0.75,1,0.115384615384615,1,0,0.909638554216867,0.0075187969924812,1,0.887096774193548,1,1,1,0,1,1,1,0.977272727272727,1,0.475,0.818181818181818,0,1,0.703601108033241,0.804347826086957,0.991525423728814,0.9453125,1,1,1,1,1,0.75390625,0.6,0.963855421686747,0.908333333333333,0.521739130434783,1,0.601694915254237,1,1,1,1,0.992063492063492,1,1,1,1,0.768060836501901,1,1,1,1,0.981481481481482,1,1,1,1,1,0.33,1,0.0149253731343284,0,1,1,0,0.833333333333333,0.639024390243902,1,0.647619047619048,0.339285714285714,0.836363636363636,1,1,0.96969696969697,0.788235294117647,1,0.989010989010989,0.0416666666666667,0,1,0.987603305785124,0.993710691823899,1,0.877049180327869,1,1,0.0625,1,1,0,1,1,0.431279620853081,0.444976076555024,0.45360824742268,1,1,1,0.647058823529412,0,1,0.846774193548387,0.666666666666667,1,1,1,1,1,1,1,1,0.175824175824176,1,0,1,1,0.888888888888889,0,0.875,1,1,1,1,1,1,1,0.75,1,1,1,1,0.765957446808511,1,1,1,1,1,1,1,0.193693693693694,1,1,1,1,0.974576271186441,0.663461538461538,1,1,1,0.994623655913978,1,0.934579439252336,0.841379310344828,1,0.428571428571429,1,1,1,0,1,1,1,1,1,1,1,1,0.994505494505495,0.8,0.833333333333333,1,0.725388601036269,0.71195652173913,0,1,1,1,0.833333333333333,1,0.701149425287356,1,1,1,1,1,1,1,0.833333333333333,1,0.168918918918919,1,1,1,1,1,1,0.954545454545455,1,1,0.777777777777778,0,1,1,1,1,1,0.685534591194969,0.540983606557377,1,1,1,0.982456140350877,1,1,1,1,1,0.996763754045307,1,1,1,1,1,1,1,1,1,0.396551724137931,1,1,0.997222222222222,0.997134670487106,1,1,1,1,1,1,1,0.994845360824742,1,1,0.986842105263158,1,0.324324324324324,1,1,1,1,1,0.992125984251969,0,1,1,1,0.989130434782609,0.756521739130435,0.392241379310345,0.391304347826087,1,1,1,1,1,1,1,1,0.885964912280702,0.810126582278481,0.939393939393939,1,1,1,1,1,0.604395604395604,0.815094339622642,1,1,0.0454545454545455,1,1,0.992537313432836,1,1,1,1,1,0.993150684931507,0.987179487179487,1,1,1,0.9875,1,1,1,1,1,1,1,1,0.983050847457627,0.828571428571429,1,1,1,1,1,1,1,1,1,0.673913043478261,1,0.818181818181818,1,1,1,1,0.428571428571429,1,0.0294117647058824,0.997395833333333,1,1,0.683673469387755,0,1,1,1,1,1,1,0.954128440366973,0.971698113207547,1,1,1,1,1,0,0.96,1,1,1,1,1,1,0.756232686980609,1,1,1,1,1,1,0.594470046082949,0.301204819277108,0.991150442477876,0.888888888888889,1,1,1,0.0357142857142857,0.488888888888889,1,1,1,0,0.355555555555556,1,1,1,1,0.936708860759494,0.979310344827586,0.25,1,1,0.716981132075472,1,1,1,1,1,0.684210526315789,1,1,0.588235294117647,0.936936936936937,1,1,1,1,0.990476190476191,1,1,0.521739130434783,1,1,1,0.777777777777778,1,1,0.725274725274725,1,1,1,1,0.965753424657534,0.211111111111111,1,1,1,0.00694444444444444,1,1,1,1,1,1,1,1,0.966101694915254,1,0,0.4,0,0.985074626865672,1,1,1,0.197916666666667,0.957142857142857,0,1,1,1,1,0,0.976331360946746,0.997354497354497,1,1,0.982142857142857,0,1,1,0.866666666666667,0.694736842105263,1,1,1,0.979166666666667,0.511450381679389,1,1,1,1,1,0.0704225352112676,0.951612903225806,1,1,1,1,0,0,1,1,1,1,1,1,1,1,0.0740740740740741,0.923076923076923,1,1,1,0.490291262135922,1,1,1,0.996153846153846,1,0,0.8125,0.03125,0.91304347826087,1,0.995348837209302,1,0.891025641025641,0.963636363636364,0.952380952380952,0.382978723404255,1,1,1,0.972222222222222,1,0.992248062015504,1,1,0.973451327433628,0.849315068493151,1,1,1,1,1,1,0,0,0.977011494252874,1,1,0.958333333333333,1,0.903954802259887,0.8,1,0.598901098901099,0.174603174603175,0,1,1,0.967741935483871,1,0.983050847457627,1,1,0.869565217391304,1,1,1,1,1,1,1,1,1,0.162790697674419,0.7,1,1,1,0.471428571428571,1,0.850515463917526,1,1,1,1,1,1,0.980769230769231,0.6796875,1,1,0.994764397905759,1,1,1,1,1,1,1,1,1,1,1,1,1,0.380952380952381,0.504504504504504,0.450819672131148,0.990476190476191,1,1,1,1,0.740740740740741,0.993610223642173,1,0.442307692307692,0,1,0.972222222222222,1,1,1,0.716723549488055,0.971786833855799,1,0,1,0.0294117647058824,1,1,0.997354497354497,1,1,1,1,0.914285714285714,0.986111111111111,0.72463768115942,0.993610223642173,1,0.136231884057971,0,0,0.595959595959596,1,1,0.970588235294118,1,0.501424501424501,1,1,1,0.5,1,0.630813953488372,0.222222222222222,0.625,1,1,1,0.554455445544555,1,1,0.935483870967742,1,1,1,1,0.666666666666667,1,1,1,0,1,1,1,1,1,1,1,1,1,1,1,1,1,1,0,1,1,1,1,1,1,1,1,1,1,1,1,0.997167138810198,1,0.0486486486486487,1,0.6875,1,1,0.92436974789916,0.333333333333333,0,1,0.0952380952380952,0.142857142857143,0.782608695652174,0.941176470588235,1,1,0.986486486486487,0.5,1,0.953125,1,1,1,0.442105263157895,0.489285714285714,1,1,1,1,1,0.0693069306930693,0.899543378995434,0.925,0.637992831541219,0.972972972972973,1,0.991803278688525,1,0.875,1,1,0.0714285714285714,0.784,0.746130030959752,0.559322033898305,1,0.995348837209302,1,1,1,1,1,1,1,1,0.997347480106101,0.962962962962963,0.00307692307692308,1,0.648148148148148,0.890909090909091,0.994623655913978,0.909090909090909,1,0,1,1,0.978260869565217,1,0.972222222222222,0.241935483870968,0.0216216216216216,1,0,1,1,0,0,0.991596638655462,0.985714285714286,0.971119133574007,0.981308411214953,1,0.126760563380282,1,0.927927927927928,1,1,0.936599423631124,1,1,1,1,1,0.23943661971831,1,1,1,1,1,1,1,1,1,1,0.74496644295302,0.560975609756098,1,0.609137055837564,1,1,1,1,0.946808510638298,0.125,0.996551724137931,1,1,1,1,1,1,1,0.869565217391304,1,0.738461538461539,0.996428571428571,1,1,1,1,1,0.95703125,1,0.895424836601307,1,0.920560747663551,1,0.897435897435897,1,1,0,0.975409836065574,0.988235294117647,1,0.125,0.920560747663551,0.348659003831418,0,0.523809523809524,0.936170212765957,1,1,0.663461538461538,0.466165413533835,0.992307692307692,1,0.976415094339623,1,0.545454545454545,1,1,1,1,1,1,1,1,1,1,1,0.985454545454545,1,0.578313253012048,1,1,0.361702127659574,0.243589743589744,1,1,0.964285714285714,0.988372093023256,1,1,0.88,1,1,1,0.866666666666667,0.990476190476191,0.782608695652174,0.984615384615385,1,1,1,1,1,1,1,0.727513227513228,0,0.91578947368421,0.91304347826087,0.912280701754386,1,0.0869565217391304,0,0.622754491017964,1,1,0.9,1,1,0.888888888888889,1,0.916666666666667,0.952380952380952,1,1,1,1,1,1,1,1,0.230263157894737,0,1,1,1,0.601694915254237,0.887096774193548,0.965317919075145,1,1,0.757575757575758,0.431818181818182,0.816176470588235,0.833333333333333,1,1,0.964912280701754,0.964705882352941,0,1,1,1,1,1,1,1,1,1,1,1,1,1,0.919540229885057,1,1,1,0.988235294117647,0.0151515151515152,1,1,0.969072164948454,1,0.306818181818182,0.523809523809524,1,1,1,0.542735042735043,1,0.908045977011494,1,0.996865203761755,1,1,1,0.889344262295082,1,1,1,1,0.0545454545454545,0.726351351351351,0.315789473684211,0.315789473684211,0.979310344827586,0.979452054794521,1,1,0.995633187772926,1,1,1,1,1,1,1,1,1,1,0.778225806451613,0.52863436123348,1,1,1,0.75,0.94468085106383,1,0,0,0.39047619047619,1,0.989130434782609,1,1,0.166666666666667,0.8,1,0.838709677419355,0.8,1,1,1,1,0.655172413793103,0.655629139072848,1,1,0.936,1,1,0.972972972972973,1,0.993006993006993,0.95,1,1,1,1,1,1,1,1,1,1,1,0.972972972972973,1,1,0.452054794520548,1,0.882352941176471,1,0.878787878787879,0,1,0,0,0.8,1,1,0,1,0.818181818181818,0.646464646464647,1,1,1,0.954545454545455,0.916666666666667,0.620689655172414,1,0,0,1,1,0.897435897435897,1,1,1,0.810077519379845,0.970588235294118,1,1,1,0.763157894736842,1,0,0,1,1,1,1,1,1,0.335483870967742,1,1,0,0.45679012345679,1,0.885714285714286,1,1,0,1,1,0.892561983471074,0.0108695652173913,0,1,0.993288590604027,0.993788819875776,1,1,1,1,1,1,1,1,1,0.838709677419355,1,1,1,1,0.904761904761905,1,0.993464052287582,0.231155778894472,0.958333333333333,1,0.990291262135922,0.92436974789916,1,1,1,1,1,1,1,0.00591715976331361,1,1,1,1,0.906666666666667,1,1,1,1,0.0216216216216216,0.644736842105263,0.827102803738318,1,1,1,1,1,1,1,0.941176470588235,0.111111111111111,0.974576271186441,1,1,0.995260663507109,0.357954545454545,1,0.125,0.875,1,1,0.901098901098901,0.993865030674847,1,1,1,1,1,1,1,0.987654320987654,0.714285714285714,1,0.704119850187266,0.706521739130435,0.987341772151899,0.109947643979058,1,1,1,0.8,0.177966101694915,1,0.162790697674419,1,1,1,0.981481481481482,0,1,0.670212765957447,1,1,0.803571428571429,0.994845360824742,1,1,1,0.986842105263158,1,1,1,1,1,0.581132075471698,0.0978260869565217,1,0.0615384615384615,0.626666666666667,1,1,0,1,1,0.685714285714286,1,0.142857142857143,0.816129032258065,1,1,1,1,0.232876712328767,0.971014492753623,0.972972972972973,0.846153846153846,1,0,1,1,1,1,1,0.964705882352941,1,1,1,0.972222222222222,1,1,1,0.907079646017699,1,0.739130434782609,0,0,0,0,1,1,0.916666666666667,0.978947368421053,0.989795918367347,1,10
"RS_06_T_per",1,0.974358974358974,0.828947368421053,1,1,1,0.985294117647059,0.317073170731707,1,1,1,1,0.956521739130435,1,1,1,1,1,0.609302325581395,0.98780487804878,0,1,0,0.958333333333333,1,1,1,1,1,1,1,1,0.990825688073395,1,0.0454545454545455,0.989690721649485,0.885714285714286,0.971014492753623,1,1,1,1,1,1,1,1,1,1,0.994047619047619,1,1,1,0.9609375,1,0.981132075471698,1,1,1,1,1,0.726591760299625,1,0.857142857142857,1,0.994082840236686,1,0.995305164319249,1,1,0.981818181818182,1,0.373913043478261,1,0.942028985507246,0.446808510638298,1,0.205128205128205,1,0.99618320610687,1,0.685714285714286,0.909090909090909,1,1,1,0.848101265822785,1,1,0.607329842931937,1,1,1,1,0.979591836734694,1,1,1,1,1,1,0.961538461538462,0.956521739130435,0.927710843373494,0.5,1,1,1,1,0.678082191780822,0.321167883211679,1,1,1,1,1,0.653333333333333,1,0.974358974358974,1,1,0.7,1,1,1,1,0.792207792207792,1,0.00561797752808989,1,0.993243243243243,1,1,0,0.41025641025641,0.1,1,1,1,0.981481481481482,1,1,1,1,1,1,1,0.977011494252874,0.4,0,1,1,1,0.99438202247191,1,0.647619047619048,1,1,1,0.473684210526316,0.27972027972028,1,0.931818181818182,0.977272727272727,0.733333333333333,0.835820895522388,1,0.865384615384615,0.909090909090909,1,1,1,1,0.518867924528302,0,1,1,1,1,0.879699248120301,0.916666666666667,1,0.900552486187845,1,0.789473684210526,0.309417040358744,0.914285714285714,1,0.916666666666667,0.965,1,0.862745098039216,1,1,1,1,1,1,0.575,1,1,0.857506361323155,0.871794871794872,0,0.928571428571429,1,0.947368421052632,0.956521739130435,1,0.914893617021277,1,0.234741784037559,0.309417040358744,0.609756097560976,1,1,0,0.235294117647059,0,1,1,0.931034482758621,0.843137254901961,1,1,1,0.909090909090909,0.997448979591837,1,1,0.526315789473684,0.916981132075472,0.991228070175439,1,0,0,0,1,1,0.73352435530086,0,1,0.769911504424779,0,1,0.181818181818182,1,0.9375,1,0,1,1,1,1,1,1,1,1,1,0.994791666666667,0,1,0.994252873563218,1,0.977900552486188,0.871428571428571,1,0,0.888888888888889,1,1,1,1,0.58,1,1,0,1,1,0.346153846153846,1,0.91304347826087,1,0.991902834008097,0.526315789473684,1,1,1,1,0,0.990825688073395,0.761467889908257,0.990990990990991,0.99009900990099,1,0.947368421052632,0.95,1,1,1,0.995260663507109,1,0.947368421052632,1,0.424242424242424,0.092,0.983471074380165,1,1,0.619791666666667,1,0.992307692307692,1,1,1,0.636363636363636,1,1,1,1,1,1,0.489864864864865,0.99290780141844,1,1,1,0.992727272727273,0.55,1,0.706521739130435,1,1,1,0.931034482758621,1,0.523809523809524,0.857142857142857,1,0.41025641025641,1,1,0.99390243902439,1,1,0.996124031007752,1,1,1,0.356115107913669,0.983739837398374,1,1,1,0.985714285714286,0.985714285714286,0.985714285714286,1,0.85625,0.735294117647059,0.818181818181818,1,1,0.991304347826087,1,1,0,0.608695652173913,1,0.981132075471698,1,1,1,1,1,1,1,0.677777777777778,0.867924528301887,0.830601092896175,1,1,0.995260663507109,0.254237288135593,1,0.914285714285714,1,1,1,1,0.591549295774648,0.764705882352941,1,0.424242424242424,1,0,1,0.878172588832487,0.725806451612903,1,0.8,1,1,0.853146853146853,0.976744186046512,1,0.658227848101266,0.990196078431373,1,1,0.53448275862069,1,1,1,1,0.943396226415094,1,0.950877192982456,0.961389961389961,0.990740740740741,0.923076923076923,1,0.981481481481482,0.875,0.931506849315068,1,1,1,0.0333333333333333,0.0517241379310345,0.966887417218543,0.972222222222222,1,1,1,0.875,0.989795918367347,0.650602409638554,0.658536585365854,1,1,0.855555555555556,1,0.996124031007752,1,0.645776566757493,0.967948717948718,1,1,1,1,1,1,0.992647058823529,1,1,1,0.842741935483871,0.995348837209302,1,1,0.992805755395683,1,0.894736842105263,1,1,1,0.822485207100592,1,0,1,1,1,1,1,1,0.955882352941177,1,0.981132075471698,1,1,1,0.995689655172414,1,1,1,0.0476190476190476,0.953488372093023,1,1,1,0.7,0.235294117647059,1,0.879699248120301,1,0.73469387755102,0,1,1,0.776632302405498,0.758620689655172,1,0.976744186046512,1,1,1,0.983050847457627,1,1,1,1,1,1,1,0.862068965517241,1,0.882352941176471,1,1,0.972972972972973,1,0.15,1,0.997198879551821,1,1,1,1,1,1,0,0.985663082437276,1,1,1,0.838235294117647,1,1,0.346153846153846,1,0.986301369863014,0.993808049535604,1,0.976190476190476,0.422330097087379,1,0.853658536585366,1,0.527472527472527,1,0.0740740740740741,1,1,0,1,1,1,0.956521739130435,1,1,0.235294117647059,0.509803921568627,0.927083333333333,1,0.421602787456446,0.523809523809524,1,1,1,1,1,1,1,1,1,0,1,1,1,0,0.996197718631179,1,1,1,1,0.107142857142857,0.992084432717678,1,1,0.842105263157895,1,0.99438202247191,1,1,1,0.489864864864865,0,1,1,1,1,0.982456140350877,1,0.82843137254902,1,1,0.872727272727273,1,0.484848484848485,0.482954545454545,1,1,1,1,1,0.953488372093023,1,1,1,0.92,1,1,0.981132075471698,1,1,1,0.981818181818182,1,0.552083333333333,1,1,0.98780487804878,0,1,0.546448087431694,0,0.991596638655462,0.260869565217391,1,1,1,1,0,1,1,1,1,1,1,0,0.594827586206897,1,1,0.363636363636364,1,1,1,1,1,1,1,1,1,1,1,0.786885245901639,1,1,0.984,1,1,1,0.574712643678161,1,1,1,1,1,1,1,0,1,1,0,1,1,1,1,1,1,0.988636363636364,0.087719298245614,1,0.730769230769231,1,1,1,1,1,1,1,1,0.882352941176471,0.776623376623377,0.842741935483871,0.7,1,1,1,1,0.992537313432836,1,0.00636942675159236,0.711864406779661,0.950819672131147,1,1,1,1,0.98780487804878,1,0.456521739130435,1,1,1,0.567307692307692,1,0.970588235294118,1,0,0,0.923076923076923,1,0.121739130434783,0.978260869565217,1,0.403100775193798,1,0.790697674418605,1,0.975,0.982142857142857,1,1,1,1,1,0.944,1,0.996078431372549,1,0.613636363636364,0.819787985865724,1,0.526315789473684,1,1,0.352941176470588,0.888888888888889,1,1,0.977777777777778,1,1,0.923076923076923,0,1,1,1,1,0.904761904761905,1,0.166666666666667,1,1,1,0.953488372093023,1,0.485294117647059,0.404494382022472,1,1,0.932038834951456,1,0.526315789473684,0,1,1,0.92156862745098,0,1,1,0.984375,1,1,1,1,1,0.092,1,1,0.848275862068966,0.0753424657534247,1,1,0.214689265536723,1,1,0.997326203208556,0.741721854304636,1,1,1,1,0,0,0.841549295774648,1,1,1,1,0.996153846153846,0.958333333333333,0.938271604938272,0.991304347826087,1,0.774358974358974,0.806930693069307,0.979591836734694,1,1,1,0,1,1,1,1,1,0.0204081632653061,0.81203007518797,0.992424242424242,1,1,1,0.566860465116279,1,0.448275862068966,1,1,1,1,0.984771573604061,1,1,0.992537313432836,1,1,1,0.769911504424779,0.942857142857143,1,1,1,0.1875,1,1,1,0.00826446280991736,1,1,1,1,1,0,1,1,1,1,1,1,0.833333333333333,1,1,1,1,0.659574468085106,1,0.987012987012987,1,1,1,1,1,0.957746478873239,1,0.996587030716723,0.729559748427673,1,0.955844155844156,1,1,1,1,1,1,1,0.98989898989899,0.0185185185185185,0.988235294117647,1,0.983050847457627,0.00581395348837209,0.784090909090909,1,1,0.759259259259259,1,1,1,0.95,0.995850622406639,1,1,0.803827751196172,0.938461538461538,0.818181818181818,1,0.877384196185286,0.661290322580645,0.789156626506024,1,1,0.974226804123711,1,0.0212765957446809,0.991525423728814,0,0.05,0,0.844036697247706,0,1,0.993333333333333,0.988372093023256,0.768421052631579,1,1,1,1,1,0.696969696969697,1,0.976,1,0.682795698924731,1,1,1,1,1,1,0.546511627906977,1,0.705263157894737,0,0,1,1,1,1,1,1,1,0.344,1,1,1,0.822222222222222,0.976744186046512,1,1,1,1,1,1,0.98780487804878,0.994818652849741,1,1,1,0.640483383685801,1,0.708860759493671,0,1,1,0,0.931034482758621,0.914285714285714,1,0.72,0.730769230769231,0.730769230769231,0.683229813664596,0.857142857142857,1,0.984962406015038,1,1,0,0,1,1,0.857142857142857,0.647058823529412,0.319148936170213,0.741935483870968,1,1,0.961538461538462,0.98780487804878,1,1,0.445652173913043,1,1,1,1,0.985915492957746,1,0.882530120481928,0,1,1,1,1,1,1,0.681034482758621,1,1,0.826086956521739,1,0,1,1,0.948186528497409,1,0.460251046025105,1,1,1,0.538461538461538,1,1,1,1,0.842105263157895,1,0.972222222222222,1,0.664473684210526,1,0.633484162895928,0.995535714285714,0.69281045751634,1,1,1,1,1,0,0.66,1,1,0.973118279569892,0.96875,1,1,1,1,0.948186528497409,1,1,1,1,0.00389105058365759,1,1,0.9,0.822485207100592,1,1,1,0.771428571428571,1,1,1,1,1,0.84149855907781,0.340909090909091,1,0,0.111111111111111,1,0.993421052631579,1,1,0.380952380952381,1,0.315068493150685,1,1,1,0.41747572815534,1,0.976190476190476,0.971698113207547,1,1,1,0.892857142857143,0.833333333333333,1,1,1,1,0.994318181818182,0.977401129943503,1,0.868852459016393,0,1,1,1,0.986301369863014,1,0.978260869565217,1,1,1,0.936781609195402,0.990654205607477,1,1,1,1,1,0.179487179487179,1,1,1,1,0.847715736040609,1,1,1,1,0,0.53968253968254,0.99290780141844,1,1,1,1,0.709677419354839,1,1,0.991735537190083,1,0.448275862068966,1,0.98469387755102,0.859154929577465,1,0.111111111111111,1,1,1,1,1,0.5,0,0.984126984126984,1,1,1,0.429508196721311,0.165584415584416,0.26578073089701,0.988095238095238,1,0.107142857142857,0.96969696969697,1,1,1,1,1,0.312820512820513,1,1,1,1,0.990990990990991,1,0.725806451612903,1,1,1,0,1,0.902777777777778,0.417061611374408,1,1,1,1,0.990990990990991,0.991071428571429,1,0.933333333333333,1,1,0.312820512820513,1,1,1,1,0.662921348314607,0.995726495726496,0.99,1,1,0.365853658536585,1,0.858585858585859,0.848484848484849,1,1,0.973451327433628,1,1,1,0.990147783251232,0.995121951219512,1,1,1,0.714285714285714,1,0,1,0,1,0.282608695652174,1,1,0,0.996865203761755,1,1,1,0.872727272727273,1,0.373563218390805,0.947368421052632,1,1,1,1,1,0.452830188679245,1,0.936170212765957,1,0.994871794871795,1,0.994764397905759,0,0.781456953642384,1,1,1,1,0.970588235294118,0.711864406779661,0.989417989417989,1,1,1,1,1,0.032258064516129,0.391304347826087,0.407407407407407,1,1,1,1,0.988888888888889,0.986842105263158,1,1,1,1,1,1,1,1,1,1,1,1,1,1,1,1,1,0,1,1,1,1,1,1,1,1,0.28125,1,1,1,1,0.28125,0.982456140350877,0.834808259587021,1,1,1,1,1,0.593908629441624,0,1,1,0,0.795454545454545,1,0.5,1,0.972972972972973,1,1,1,1,1,0.529032258064516,0.37410071942446,0.161616161616162,1,1,0.973753280839895,1,0.976190476190476,0.987179487179487,0,0.658536585365854,1,1,1,0,1,0.950904392764858,0.986842105263158,0.547169811320755,1,0.892857142857143,1,1,0.949275362318841,0.69921875,1,1,1,1,0.931297709923664,1,1,1,0.711864406779661,1,0.191780821917808,1,1,1,0.0476190476190476,1,0,1,0.779220779220779,1,0.990825688073395,0.970149253731343,1,1,1,1,0.681034482758621,0.876506024096386,1,1,1,1,1,1,1,1,1,0,1,1,0.81203007518797,1,1,1,0.764705882352941,0.851851851851852,0.772727272727273,0.945337620578778,0.986842105263158,1,1,0,1,1,1,1,1,1,1,0.928571428571429,0.994791666666667,1,0.392857142857143,1,0,0,1,0.981481481481482,1,1,1,0.277777777777778,0.666666666666667,1,1,0.977272727272727,0,1,0.9375,1,1,1,1,1,0.4,1,1,1,1,1,0.961538461538462,0.612167300380228,1,1,1,0.939597315436242,1,1,1,1,0.0124223602484472,0.790450928381963,1,1,1,1,1,1,1,0.346938775510204,1,0.84149855907781,1,1,1,1,1,0.891304347826087,1,0.996124031007752,0.996845425867508,1,1,1,1,1,1,0.996666666666667,1,1,0.977272727272727,1,1,0.978165938864629,0.9,0.996865203761755,1,0.4,0.00617283950617284,1,0.788732394366197,1,0.985507246376812,1,0.709677419354839,0.870967741935484,1,0.981132075471698,1,0.0350877192982456,1,1,1,1,0,1,0.994252873563218,0.82051282051282,0.666666666666667,0.666666666666667,0.555555555555556,0.911764705882353,0.008,0.00645161290322581,0,0.464285714285714,0.0188679245283019,1,0.992,0.418918918918919,0.981651376146789,1,1,1,0,1,0.9644128113879,0.248888888888889,0.13963963963964,0.975,1,1,1,0.923076923076923,1,0.943181818181818,0.961538461538462,1,1,1,1,1,1,1,1,1,1,0.990384615384615,0.966666666666667,1,0.993377483443709,0.909090909090909,0.822714681440443,0.75,1,0.96551724137931,1,1,1,0,1,0.742424242424242,1,1,1,1,1,0.5,1,0.451612903225806,1,1,0.990654205607477,0.859060402684564,0.859531772575251,1,0.113636363636364,1,1,1,1,1,0.75,0.946808510638298,0.943820224719101,0.0526315789473684,1,1,1,0.975609756097561,0.2,1,1,1,1,1,0.619377162629758,0.662020905923345,1,1,1,1,1,0,0.795454545454545,0.760869565217391,0.752808988764045,1,0.865384615384615,0.978165938864629,1,0.0266666666666667,1,0.973684210526316,0.440677966101695,1,1,0.395437262357414,1,1,1,1,0.945454545454545,0.5,1,1,1,1,0.594827586206897,1,0.391836734693878,1,0.495575221238938,1,1,1,0.946666666666667,0.478260869565217,0.953846153846154,1,1,1,1,0,0.320224719101124,1,0.875,1,1,0,0,1,1,1,0.80952380952381,1,0.176991150442478,0.581699346405229,0.987261146496815,1,0.538461538461538,0.875690607734807,1,1,0,1,0.970588235294118,0.788732394366197,1,1,1,1,1,1,0.986486486486487,1,1,0.776623376623377,0.899082568807339,0,1,0.99375,0.0344827586206897,1,1,1,1,0.617647058823529,1,1,1,1,1,0.857142857142857,1,0.818181818181818,0.947368421052632,1,0.268292682926829,1,1,0.956521739130435,1,0.991869918699187,0.986970684039088,0.918635170603675,1,1,1,1,1,0.927536231884058,0.981481481481482,1,1,0.993079584775087,1,1,0.846153846153846,1,0.983606557377049,0,0.788461538461538,0.927536231884058,1,1,0.7875,0.768421052631579,1,0.771929824561403,1,1,1,1,1,1,1,1,1,1,1,0.542168674698795,0.83448275862069,1,0.967741935483871,1,0.330275229357798,1,0.950980392156863,0.0131578947368421,0,1,1,1,1,0.205128205128205,1,0,0,1,1,1,0.910112359550562,0.271604938271605,0.921052631578947,1,1,0.583333333333333,0.997297297297297,0.916981132075472,0.895522388059702,0.769662921348315,0.347826086956522,0.0131578947368421,1,1,1,1,0,0,0.981366459627329,0.916666666666667,1,1,1,1,0.986301369863014,1,0.96969696969697,0.333333333333333,0.521739130434783,0.857142857142857,1,1,1,0.988095238095238,0.189189189189189,0.528571428571429,0.617142857142857,0.0769230769230769,1,1,1,1,0,0.787781350482315,1,0.803448275862069,0.931506849315068,1,0.745454545454545,1,1,0.780487804878049,1,0.911764705882353,1,1,1,1,1,1,1,1,1,1,0.99290780141844,1,1,1,0.781420765027322,1,0.993243243243243,1,1,0,1,1,1,1,0.96875,1,1,1,1,1,1,0.942028985507246,0.983050847457627,1,1,1,1,1,0.381322957198444,1,1,1,0.0729613733905579,1,1,0.981132075471698,1,1,0.476190476190476,1,1,0.950980392156863,1,1,0.989583333333333,1,1,0.990936555891239,1,1,1,1,0.952380952380952,1,1,0.774193548387097,1,1,1,0,0.00617283950617284,0.0434782608695652,1,1,0.982142857142857,1,0.0185185185185185,1,1,1,1,1,1,1,1,0.981900452488688,0.911111111111111,0.984375,0,1,1,0.766871165644172,0.99438202247191,1,0.842741935483871,1,1,1,1,0.997167138810198,1,1,1,0.985714285714286,0.96551724137931,0.992805755395683,0.991228070175439,1,0.83495145631068,0.987261146496815,1,1,0.894736842105263,1,1,0.90625,0.892857142857143,0.903846153846154,0.90625,0.983471074380165,1,1,0.019047619047619,0.673611111111111,1,0.811940298507463,1,0.452830188679245,0.985294117647059,0.928571428571429,0.996282527881041,0.803370786516854,0.769230769230769,0.854545454545454,0,1,1,1,1,1,1,0.996527777777778,1,1,0.978021978021978,1,1,0.885964912280702,0,0,0.923076923076923,1,1,1,1,1,1,1,0.898123324396783,0,0.985915492957746,1,0.266666666666667,1,1,0.719298245614035,1,1,0.969387755102041,0.269230769230769,0.914285714285714,1,1,0.666666666666667,1,1,1,1,0.980769230769231,1,1,1,1,0.847457627118644,0.242424242424242,1,0.933333333333333,1,0.990384615384615,1,0.2,0.913978494623656,1,1,0.985294117647059,1,1,1,0.438461538461538,1,1,1,0.771929824561403,0.2,1,1,1,1,1,0.987341772151899,1,1,1,0,1,1,1,1,1,1,1,1,1,0.988571428571429,0.359550561797753,1,0.75,1,0.984375,0.962962962962963,1,1,1,1,1,0.9375,0.6,1,1,1,1,1,0.346153846153846,1,1,0.952380952380952,0.918367346938776,1,0,1,0.0238095238095238,0.987012987012987,1,1,0.819672131147541,0.195402298850575,1,1,0.989247311827957,1,1,1,0.988372093023256,0.964285714285714,1,1,0.981481481481482,1,0,1,1,1,1,1,1,1,1,1,1,0.45,1,0.16,0.933333333333333,1,0.976744186046512,0.2,0.64,0.312,1,1,0.435233160621762,0.264900662251656,0.944444444444444,1,0.797101449275362,1,1,1,1,0.866666666666667,1,0.253886010362694,1,1,0.992481203007519,0.916666666666667,0.807162534435262,1,1,1,1,0.230769230769231,1,1,1,0.7375,1,1,0,0.689655172413793,0,0.466666666666667,1,1,1,1,0,1,12
"RS_07_T_per",1,0.521739130434783,0.840236686390533,0.543269230769231,0.987878787878788,0.987654320987654,1,0,1,1,1,0,0.85,0.142857142857143,0.857142857142857,0.842105263157895,1,1,1,0.96551724137931,1,0.90379746835443,0.0857142857142857,1,1,1,1,1,0,1,1,0.6,1,1,0,0.0714285714285714,0.986666666666667,1,1,1,1,1,1,1,0.421428571428571,1,0.791666666666667,0.83,1,0,1,0.509090909090909,1,1,1,1,0.655737704918033,1,1,1,0.932432432432432,1,1,0.885714285714286,1,1,1,0.125,1,0.553719008264463,0.612676056338028,0,1,0.305882352941176,0,0.937743190661479,0.0909090909090909,1,1,1,0,0,1,0.115384615384615,1,0,0,0,0,0.919354838709677,1,0.894117647058824,1,0,1,1,0,0.0666666666666667,0.0588235294117647,0,1,1,0.891304347826087,0.46031746031746,1,0.733333333333333,0.825,0.833333333333333,1,1,0.185897435897436,0.724137931034483,0,1,1,0.655367231638418,0.96969696969697,0.979508196721312,0.944723618090452,0.826086956521739,1,0.839080459770115,0.866666666666667,0.8,0.542105263157895,1,1,0,0.134615384615385,0.927927927927928,1,0.901408450704225,0.0625,0,0,1,0.754098360655738,0.87719298245614,1,0.836538461538462,0.882352941176471,1,0,1,0.269230769230769,0,0.612987012987013,0.619496855345912,0.494736842105263,0.0625,0.0588235294117647,1,0.976,0.944444444444444,0.466666666666667,1,1,1,0.976190476190476,0.00420168067226891,0.826086956521739,1,1,0.82258064516129,1,0,0,0.994047619047619,0.732342007434944,0.672043010752688,0.612987012987013,0.416666666666667,0.660326086956522,0.313829787234043,1,1,1,1,0.92,0.389830508474576,0,0.910714285714286,1,0,0,0.1,1,0.541666666666667,0.355932203389831,0.875,0.630434782608696,0.0476190476190476,1,0,0.514084507042254,0.388489208633094,0.662921348314607,1,1,0.568181818181818,0.746031746031746,0.983870967741935,1,1,0.659574468085106,0.977142857142857,0.708446866485014,1,1,1,0.045045045045045,0.0363636363636364,0.05,0,0.327014218009479,0,0,0.564245810055866,0,0.210526315789474,0.210526315789474,0.441176470588235,1,1,0,1,1,0.952127659574468,0.76865671641791,0,1,1,0.130434782608696,0.125,0.4,0.443181818181818,0.736842105263158,0.273972602739726,0.109090909090909,0.688,0,1,0,0.590909090909091,1,1,0.521739130434783,0.111111111111111,0.0413793103448276,0.0476190476190476,1,1,1,1,1,0.985,1,0.896551724137931,0,0.65,0.553191489361702,0.762295081967213,0.745762711864407,0.758333333333333,0.0769230769230769,0.841121495327103,0,0.8125,1,0.0273972602739726,1,0.666666666666667,1,0.882352941176471,1,0,1,1,0,0,0.450980392156863,0.793103448275862,0.5,0,0.992248062015504,1,0,0.514084507042254,0,1,1,1,1,1,0.0178571428571429,1,1,0.714285714285714,1,1,0.478260869565217,1,0.54858934169279,0.181818181818182,1,0.9,0,0.871794871794872,0,1,1,0.80952380952381,0.436363636363636,0.762541806020067,0.228571428571429,0.4,0.780821917808219,1,0.729166666666667,0.072463768115942,0.0192307692307692,0.173553719008264,0,0,0.181818181818182,0,0.192982456140351,0,1,0,0.911764705882353,1,1,1,1,1,0.0476190476190476,0.765822784810127,0,0,1,0.336134453781513,1,1,1,0.794871794871795,1,0.739130434782609,0,0.196319018404908,0.173913043478261,0.850574712643678,0,1,1,1,1,1,0,0,1,1,0.859649122807018,1,1,0.52,1,1,0,0.492424242424242,0.488,0,1,1,1,1,0.254545454545455,0.306818181818182,0.15625,1,1,1,0,0,0,0,1,1,0.871794871794872,0.95,0.636363636363636,1,1,1,0.0833333333333333,0,0.563758389261745,0.995594713656388,0.27683615819209,1,1,1,0,0.971428571428571,0.72,0,0,0.373333333333333,0.76,0.554455445544555,0.980645161290323,0.806896551724138,1,1,0.388392857142857,1,0.969026548672566,0.981012658227848,0.99290780141844,0.0138888888888889,0.9375,1,0.166666666666667,1,0,0,1,0.045045045045045,0.512820512820513,1,1,0.229357798165138,0,1,1,0.441860465116279,0.76027397260274,0.692307692307692,0.924137931034483,0.888888888888889,0.857142857142857,0,1,1,0.2,1,0.932432432432432,1,0.0217391304347826,0,1,0.4375,0.337962962962963,0.943262411347518,0,0.0384615384615385,1,0.626865671641791,0.574468085106383,1,1,0,0.932432432432432,1,0.0588235294117647,0.933333333333333,0.933333333333333,0,0,1,0.833333333333333,0.875,1,1,0.884057971014493,0.552631578947368,0,1,0,0,0,1,0.916666666666667,0,1,0,0.96875,0.96969696969697,0.295918367346939,0.925925925925926,0,0,0.96551724137931,0.35,1,0.25,1,0.488372093023256,1,0,0.0427807486631016,1,0.0304878048780488,1,0.864864864864865,0.897435897435897,1,1,0,0.95,1,0.994285714285714,0,1,0.776041666666667,0.57258064516129,0.785714285714286,1,1,0.224137931034483,0.944723618090452,1,1,0.564102564102564,0,0.512820512820513,1,0.92,0.871794871794872,0.333333333333333,0,1,1,1,0.88695652173913,1,1,1,1,1,0.30945558739255,0.963455149501661,0.974358974358974,0.288888888888889,0.3202416918429,1,0.105263157894737,0.791666666666667,0.705882352941177,1,0,0.924528301886792,0.380165289256198,0.0522388059701493,0.659090909090909,0.643382352941177,0,1,1,0.576923076923077,1,0,1,0.694736842105263,0.228155339805825,1,0,1,0.846153846153846,0.826086956521739,0.822222222222222,1,1,1,1,0,0.578947368421053,0.0769230769230769,1,0.318181818181818,1,1,1,1,0.64321608040201,0.421052631578947,1,1,1,1,0.654109589041096,0.75177304964539,0.830508474576271,0.125,1,1,1,0.0967741935483871,1,1,1,0.00840336134453781,0.738095238095238,0.260869565217391,1,0.626865671641791,0.700636942675159,0.88,1,1,1,1,1,1,0.895454545454546,1,0.4375,0.101449275362319,1,0,0.471264367816092,0.857142857142857,1,1,0.952380952380952,0.153846153846154,0.595419847328244,1,0,0.923076923076923,0,0.630434782608696,0,1,0.2,0,0.1,1,1,0.623188405797101,1,1,0,0,1,1,1,1,0.8,1,0,0.666666666666667,1,1,0.975903614457831,1,0.259259259259259,0,0.652849740932642,1,0.777777777777778,0.909090909090909,0.888888888888889,1,1,1,1,0.2,1,1,0.852459016393443,0.771604938271605,0.75,0.919354838709677,1,1,1,0.641666666666667,1,1,1,1,1,0,0.268292682926829,0.885496183206107,1,1,0.661971830985915,0.545454545454545,1,0.0153846153846154,1,0.8,1,0.6,0.133333333333333,0,0.697916666666667,0.704225352112676,0.686567164179104,0.666666666666667,0.297297297297297,1,0,0.163265306122449,1,0,0.443181818181818,0,1,1,0.21875,0,0.228571428571429,1,0.037037037037037,0.0277777777777778,1,0,0,0.457142857142857,0.596491228070175,0.822222222222222,1,1,1,0.772151898734177,1,0,0,1,1,1,0.634920634920635,1,0,1,1,1,0.713414634146341,0.983333333333333,1,1,1,0.0277777777777778,0.34375,1,1,0.984375,1,1,0.993788819875776,0.8,0.768488745980707,0.625,0.838709677419355,1,0.802816901408451,1,1,1,0.989690721649485,0.905063291139241,0.641975308641975,0.10958904109589,1,1,1,1,1,1,0.927835051546392,1,0,1,0,1,0,0.0625,1,1,0.869565217391304,1,0.888888888888889,0.957894736842105,1,0.481927710843373,1,1,0.037037037037037,1,1,1,0.615384615384615,0.959016393442623,1,0.798969072164949,0.125,1,0.710344827586207,0.535947712418301,0,0.0238095238095238,0.928571428571429,0.0227272727272727,1,1,1,0.783783783783784,0,0.836363636363636,0,1,0,0.0869565217391304,0.576388888888889,0.831818181818182,0,0.148148148148148,0.862275449101796,0.676258992805755,1,1,0.862068965517241,0.00952380952380952,0.036697247706422,0.0336134453781513,1,0,1,0.0138888888888889,0.362068965517241,0.848249027237354,0,0,1,0,0,1,1,1,1,0.95,0.152466367713004,1,0,0,0.976744186046512,0,1,0.972972972972973,1,1,0.181818181818182,0.0185185185185185,0,0.239583333333333,0,0.210526315789474,0.979381443298969,0.428571428571429,0.562874251497006,0,1,0.92156862745098,1,0,0.833333333333333,0.720930232558139,0.855932203389831,0.925,1,0.0384615384615385,0.80952380952381,1,1,1,1,1,0.703703703703704,1,0,1,1,0,0.635294117647059,0.62992125984252,0.907216494845361,0.807692307692308,1,0.268292682926829,0,1,1,1,0,0.925925925925926,1,1,1,1,0.142857142857143,0,0.35,1,0.0666666666666667,0,1,1,0,0.99016393442623,0.611510791366906,0.860759493670886,0.942148760330578,0.428571428571429,1,1,0.214285714285714,0.480392156862745,0.919047619047619,0.898058252427185,0.294964028776978,1,1,0,0.0666666666666667,1,1,1,0.212389380530973,0.142857142857143,0.990147783251232,1,1,1,0.3,0,0,0.721854304635762,0,0,0,0.815384615384615,0,0.5,0,0.896551724137931,0.772727272727273,0.571428571428571,1,1,1,1,0.397849462365591,0.384615384615385,1,1,0.942857142857143,0.194174757281553,0.458536585365854,1,1,0.0037037037037037,0.01,0.00709219858156028,1,0.0666666666666667,0.88695652173913,1,1,1,1,0.0465116279069767,0.628378378378378,0.964285714285714,0.974358974358974,0.0408163265306122,0,1,0.733333333333333,1,1,0,1,0.0869565217391304,1,1,1,1,0.0482758620689655,1,1,0,0.8,0.299270072992701,0,1,1,0.681159420289855,0.148148148148148,0.730769230769231,0.148148148148148,1,0,1,1,0.0177514792899408,1,1,0,1,1,1,1,1,1,0.00719424460431655,0,0.326923076923077,0.875,0.0714285714285714,0.507246376811594,0,0,0,0,0.359154929577465,0,0.523809523809524,1,0,0.449438202247191,1,0.0461538461538462,1,0.844827586206897,1,1,1,0,0.729166666666667,1,1,0.509090909090909,1,0.995348837209302,0.783783783783784,0,1,0,1,0,0,0.454545454545455,0.931137724550898,1,1,0.382978723404255,0.32,0.333333333333333,0.111111111111111,0,1,1,1,1,1,0.848484848484849,1,0.783783783783784,0,1,0.950549450549451,1,0.273972602739726,0.454545454545455,0,1,0.934782608695652,0.520833333333333,1,0.713483146067416,0.751381215469613,0,1,1,1,1,0,0,0.568421052631579,1,1,0,1,1,1,0.90625,1,1,1,0,1,1,0,0,0.555555555555556,0.133333333333333,0.976470588235294,0.962962962962963,0.03125,1,0,0.626865671641791,0.154867256637168,1,0.351351351351351,1,0.277777777777778,0.129353233830846,0.0445544554455446,0.986666666666667,0.30188679245283,0.69811320754717,0.714285714285714,0.733031674208145,0.706896551724138,0.300429184549356,0.665271966527197,0.833333333333333,1,1,0.564102564102564,0.195652173913043,0.181818181818182,0,1,0,1,1,0.717391304347826,0.30952380952381,0.664516129032258,1,0.911764705882353,0,0,0,0.519553072625698,1,1,0.943396226415094,0.757142857142857,0.357142857142857,0.976744186046512,0.418848167539267,1,1,0,0,1,0.862275449101796,0.0714285714285714,0.909090909090909,1,1,1,1,1,0.84375,1,0.529411764705882,1,0.181818181818182,0.726984126984127,0.00446428571428571,0,0.971649484536082,0.666666666666667,1,1,1,0.0758928571428571,0.538071065989848,1,1,1,0.0229885057471264,0.0235294117647059,0.0232558139534884,1,1,1,0.571428571428571,0.795918367346939,0,0.818181818181818,0.436619718309859,0.0170940170940171,1,0.242424242424242,0.8,0.636363636363636,0.837837837837838,0.509433962264151,1,0.978835978835979,0,0.666666666666667,0.266666666666667,0.25,1,1,0.673469387755102,0.890909090909091,0.92156862745098,0.786885245901639,1,0.616666666666667,0.609375,0.0547945205479452,1,1,1,0.0588235294117647,0.75,0.58695652173913,0.580645161290323,0.580645161290323,0,1,1,0.575,0,1,1,0,0,0.28,1,0.732394366197183,0.82122905027933,1,0.742574257425743,0.736842105263158,1,0.985185185185185,0.777777777777778,1,1,0.597122302158273,0,0.260869565217391,0,0.0131578947368421,0,1,0,1,1,0.972677595628415,1,1,0.911111111111111,1,1,0.458015267175573,0.919354838709677,0.355555555555556,0,0.762295081967213,0.507246376811594,1,0,1,1,0.756756756756757,0.841121495327103,1,0,0,0.507246376811594,0.75,1,0.0222222222222222,0.978723404255319,0.272727272727273,1,1,0.155339805825243,1,0.142857142857143,0.777777777777778,0.0714285714285714,0.967741935483871,0.221374045801527,0.278195488721804,1,0.28,1,0,1,1,1,0,0.791666666666667,0.708609271523179,0,0.833333333333333,0,1,0.333333333333333,1,1,1,0.580645161290323,1,1,1,0,1,0.608040201005025,0.32,1,1,0.288888888888889,0.3046875,0,0,1,0.909090909090909,1,0.806896551724138,0,0.0123456790123457,1,0.111111111111111,1,1,0.387096774193548,1,0.888888888888889,0.125,1,1,1,0,0.836363636363636,1,1,1,1,0,0.836272040302267,0,1,0,0.929577464788732,0.741379310344828,0.618556701030928,1,0.805755395683453,1,0.406779661016949,0.473684210526316,0,1,0.869565217391304,0.904761904761905,0.931818181818182,0,1,0.542105263157895,0.0105263157894737,1,0.352941176470588,0.166666666666667,0.650406504065041,1,1,0.0130718954248366,1,0.608695652173913,0.354838709677419,1,0.836272040302267,0,1,1,0,0.0526315789473684,0.338983050847458,0.877934272300469,1,0,0,0,0.842696629213483,1,0.552631578947368,1,0.0256410256410256,1,1,0.777777777777778,0,0.693069306930693,1,0.0810810810810811,0.813953488372093,1,1,1,0.671875,1,0.919689119170985,0.926701570680628,0.912820512820513,0,0,1,0,0.142857142857143,0,0.706521739130435,0.982456140350877,1,1,1,0.794392523364486,1,1,1,1,1,1,1,0.811320754716981,0,1,1,1,1,1,0.615384615384615,0,0,0.363636363636364,1,0.756756756756757,0,0.684210526315789,1,1,1,1,0.863636363636364,0.515151515151515,0.0357142857142857,0.355555555555556,1,0.448979591836735,1,1,1,0.186046511627907,1,0,0.773809523809524,0.619047619047619,0.634146341463415,0.545454545454545,0.914285714285714,0,1,0.283185840707965,1,1,0.964497041420118,0.244186046511628,0.552631578947368,1,0.916883116883117,0.444444444444444,0,0,0.671052631578947,0.666666666666667,0.662162162162162,0,0.9375,0.562874251497006,0.611111111111111,0.683333333333333,0.894736842105263,0.961240310077519,1,0,0.541666666666667,0.88,1,0.557522123893805,1,0.529411764705882,1,1,0,0,0,0,0,0.945205479452055,1,0.488372093023256,0.566265060240964,0.653846153846154,1,1,0.552380952380952,0.181818181818182,0.535211267605634,0.635294117647059,0.736842105263158,1,0,0.950738916256158,0.224215246636771,0.540983606557377,0,0,0.8,0.0434782608695652,0.9765625,1,1,0.0758928571428571,0.5,0.87378640776699,1,1,1,0,0.8125,0,0,0.155339805825243,0.576923076923077,0.421052631578947,0.862068965517241,0.55,0.989690721649485,1,0.831168831168831,0.888888888888889,0.9375,0,1,0.210526315789474,0,0.941176470588235,0.939393939393939,0.973484848484849,0.988549618320611,1,0.896276595744681,1,1,1,0.117647058823529,1,0.628,1,0.894736842105263,0.578947368421053,0.995215311004785,0.0125,0.0133333333333333,1,0.943820224719101,0.888888888888889,1,1,0.450980392156863,0.457478005865103,0.818181818181818,0.366666666666667,0.96078431372549,0.944444444444444,0.77027027027027,1,0.277777777777778,0.566502463054187,0,1,1,0,1,0,0,0.630434782608696,1,0.279245283018868,0.267399267399267,0.272727272727273,0.804878048780488,0.992700729927007,1,1,0.762376237623762,0.726415094339623,1,1,0,0.0416666666666667,0,0,0.0625,1,1,0.986754966887417,1,1,0.144736842105263,0.918367346938776,0.846153846153846,1,0,0,0.153439153439153,0.636363636363636,1,1,1,0.949438202247191,1,0,0.088,0,0.558139534883721,1,0.441860465116279,0.408163265306122,0,1,0.976744186046512,1,1,0.515151515151515,0.666666666666667,1,0.0944206008583691,0,0.366666666666667,0.598639455782313,1,1,0.888888888888889,0.5,0.171428571428571,0.512820512820513,0.457627118644068,0,1,0,1,1,1,1,0,1,0.85,1,0.828125,0.674418604651163,0.0151515151515152,0.991935483870968,1,1,1,0.91304347826087,0.0355555555555556,0,1,1,1,0.991501416430595,0.666666666666667,0.0483870967741935,1,1,0.934579439252336,1,1,0,1,0.836272040302267,0,1,1,0.5625,0.533333333333333,0.923076923076923,1,0,0.826086956521739,0.452380952380952,1,1,1,1,0,1,1,0.84,1,1,1,1,1,0.564102564102564,0.508771929824561,0.588235294117647,0.148148148148148,1,0.56,1,0.996644295302013,1,1,0.305882352941176,1,1,1,0.919354838709677,0,0.821192052980132,1,0,0,1,1,0.972972972972973,1,0.925925925925926,0,0,0.756521739130435,0.5,0.8,0.0555555555555556,0,0,0,0,0.714285714285714,0,0.287671232876712,0,0,0.0108695652173913,0.661870503597122,1,1,1,0.365384615384615,1,0.428571428571429,1,0,0,0.214285714285714,0.919354838709677,0,0.184615384615385,1,0.983050847457627,0.275,0,1,1,0,0.0338983050847458,0.505154639175258,1,1,0.107142857142857,1,0.507246376811594,0.737704918032787,0,0.155339805825243,0.00740740740740741,1,1,0.333333333333333,0.788177339901478,1,0.0277777777777778,0,1,0,0,0,0.692307692307692,1,0.684210526315789,1,0.523809523809524,1,0.117647058823529,0.142857142857143,1,1,1,0.136363636363636,1,0,1,1,1,0,0.173913043478261,0.0476190476190476,0.83,0,1,0.88695652173913,0.125,0.507936507936508,0,0,0.668478260869565,0.858638743455497,0.976190476190476,0,1,0.986842105263158,0.668224299065421,0.868181818181818,0,0.493243243243243,0.985074626865672,1,0.2,0.537735849056604,1,1,1,1,1,1,0,0,0.380952380952381,1,1,1,0,1,1,1,1,1,1,1,1,0,0.790697674418605,0.674418604651163,1,0.975409836065574,0.268518518518519,0.828282828282828,0.673469387755102,1,1,0,1,0.692307692307692,1,0,1,1,0.580645161290323,1,0.666666666666667,0.0366492146596859,1,1,0.818181818181818,1,1,1,1,1,1,0,0.790322580645161,0,1,0,0.28,0.0714285714285714,1,1,1,1,1,1,0.357142857142857,0.421052631578947,0.733333333333333,0,0.607843137254902,1,1,0.354838709677419,0,0.0656934306569343,1,0.923076923076923,0.96078431372549,0.971428571428571,0.0483870967741935,1,1,1,1,0.318181818181818,0.136363636363636,1,0,1,0,1,0,0.642857142857143,0,0.195652173913043,0.894736842105263,0,1,1,0,1,0.91970802919708,1,0.507246376811594,1,1,0.714285714285714,0,0.0609756097560976,0,0.533333333333333,0.419354838709677,0.2,1,1,0,1,1,0,0,0,0,1,1,0.72,0.333333333333333,0.333333333333333,1,0.470588235294118,1,1,0.964285714285714,1,1,0.238578680203046,1,0,0,1,1,1,0.992248062015504,0.507246376811594,1,0.97752808988764,1,0.75,0,0.984375,0,0.76865671641791,0.195439739413681,0.135135135135135,0.726984126984127,1,1,0,0.104761904761905,0.0952380952380952,1,0.552238805970149,0.408163265306122,0,0,1,1,1,1,1,0.4,0.995238095238095,0.421428571428571,0,0.0769230769230769,0.765432098765432,1,0.968354430379747,0,0,1,1,1,1,1,1,1,0.24390243902439,0.139830508474576,1,0,0.725146198830409,1,0.959016393442623,0,0.372881355932203,0.0303030303030303,1,1,1,1,0,0,1,1,1,0,1,0,0.714285714285714,0.75,0,1,0,0.232558139534884,1,0.793939393939394,0,0,1,1,0.984615384615385,1,1,1,1,1,0.25,1,0.357142857142857,0,1,0.725490196078431,0,1,1,0.355555555555556,0.851851851851852,1,1,0.0340909090909091,0,0.888888888888889,0.909090909090909,0.909090909090909,1,0,1,1,0.992805755395683,0,1,0,0,0,1,0.811320754716981,0.748201438848921,0.636363636363636,0.909090909090909,0.5,0.791666666666667,1,0,0.777777777777778,1,0.406779661016949,0.578947368421053,1,0.721854304635762,0.5,0.5,0,1,0.333333333333333,0.666666666666667,1,0.590909090909091,0.192982456140351,0.735294117647059,0.893162393162393,0,0,1,1,0,0.0571428571428571,1,0,1,0.878048780487805,0.5,1,1,0,1,1,1,0,0,0.157894736842105,1,1,1,1,0.101694915254237,0.529411764705882,0.193548387096774,0.0222222222222222,0.469387755102041,0.54858934169279,1,0,1,0.944444444444444,1,1,0.75,0.87378640776699,1,0.623376623376623,1,0.727272727272727,0.980769230769231,0.98,1,1,1,0.0416666666666667,1,0.294117647058824,0.704545454545455,26
"RS_08_T_per",1,0.96969696969697,0.928571428571429,1,1,1,1,0.704453441295547,1,1,1,1,0.901639344262295,1,1,1,0.993865030674847,1,1,1,0,0.99746192893401,0,0.989501312335958,0.96969696969697,1,1,1,1,0.99236641221374,1,1,1,1,0.486842105263158,1,0.857777777777778,0.21656050955414,1,1,1,0.0555555555555556,0.987381703470032,1,1,1,1,1,1,1,1,1,1,1,1,1,1,1,1,1,0.969465648854962,1,1,1,1,1,1,0.984375,1,1,1,0.441379310344828,1,1,0.467391304347826,0.993197278911565,0.985130111524164,1,1,1,0.929292929292929,0.937062937062937,1,1,1,1,1,1,0,1,1,1,0.997214484679666,0.744186046511628,1,1,1,1,0.45679012345679,0.548780487804878,1,1,0.905660377358491,1,1,0.952380952380952,1,0.240740740740741,1,1,0.985507246376812,0.975757575757576,1,1,1,0,0.870967741935484,0.983471074380165,1,0.9375,1,1,0.988700564971751,0.53448275862069,0.820224719101124,1,0.457337883959044,0.292307692307692,1,1,1,1,0,1,1,1,0.96,1,1,0.916666666666667,1,1,1,1,1,1,0.610921501706485,0.635258358662614,0,0.623931623931624,0.180327868852459,1,0.961722488038278,0.981220657276995,1,1,1,1,0.977777777777778,0,0,1,1,0.931623931623932,0.637554585152838,1,0,1,0.74251497005988,1,1,0.181818181818182,0.506493506493506,0,1,1,1,1,0.735294117647059,1,1,1,1,0.835616438356164,0.608219178082192,1,1,1,0.0192307692307692,1,0.888888888888889,0.994011976047904,1,0,1,0.992700729927007,1,0.865853658536585,1,1,0.804812834224599,1,0.00374531835205993,0.884615384615385,1,1,0.383838383838384,0.854881266490765,1,1,0.142857142857143,0.439024390243902,1,0.5,0.993103448275862,0.803738317757009,0.761904761904762,0,1,0.730769230769231,1,0.74,1,1,0.830882352941177,1,0.985507246376812,1,1,0.0333333333333333,1,1,1,0.945945945945946,0.00512820512820513,0,1,1,0.231707317073171,0,0.156862745098039,0.0952380952380952,0,1,0.985714285714286,1,1,0.32258064516129,0,0.956349206349206,1,1,1,1,1,1,1,1,0.967741935483871,0,1,1,1,0.98744769874477,1,0.696153846153846,0,0.645161290322581,0.8125,0.863636363636364,1,1,1,1,1,0,1,1,0.176470588235294,0.5,0.8,1,1,0.565789473684211,0.801282051282051,1,0.448275862068966,0.541666666666667,0.0285714285714286,1,0.973913043478261,0.973913043478261,0.973684210526316,0.980952380952381,0,1,1,1,0.993421052631579,0.987179487179487,1,0.985815602836879,1,0.806451612903226,0.518518518518518,1,0.153846153846154,0.916666666666667,0.858407079646018,1,0.889763779527559,1,1,0.980314960629921,1,1,1,1,1,1,0,1,0.909090909090909,1,1,0.993589743589744,0.98019801980198,0,1,0,1,1,1,1,1,1,0.241935483870968,0.890295358649789,0.456521739130435,1,0.664634146341463,1,1,1,1,1,1,1,0.535211267605634,0.345528455284553,0.571428571428571,0.948717948717949,0.962962962962963,1,1,1,1,0.988888888888889,0,0,1,1,1,1,0.844660194174757,0,1,0.93859649122807,0,1,0.0357142857142857,0.955555555555556,1,1,0.193548387096774,1,0.666666666666667,0.95852534562212,0.51219512195122,1,1,1,0,0.0531914893617021,0,1,1,1,1,0.543689320388349,1,1,0,0.888888888888889,0.952380952380952,1,1,0.964912280701754,0.0078125,1,1,1,0,0.95,1,1,1,1,1,0.0224719101123595,1,0.612021857923497,1,1,0.977777777777778,1,0.679144385026738,0.603053435114504,0.515151515151515,1,1,1,1,0.411764705882353,0.662650602409639,0.715116279069767,1,0.272493573264781,0.61139896373057,1,1,1,1,1,1,0.529411764705882,0.985875706214689,0.985795454545455,0.986149584487535,0.991620111731844,0.959183673469388,1,1,1,0.830128205128205,0.99438202247191,0.981132075471698,1,0.0526315789473684,1,1,0.983739837398374,0.857142857142857,1,1,0.183673469387755,1,0.990654205607477,0.947368421052632,1,1,0,0,1,1,0.875,0.875,1,0,1,0.982142857142857,0.976744186046512,0.916666666666667,0.989949748743719,1,1,1,1,1,0.619047619047619,1,1,1,0.986754966887417,1,0.992537313432836,0.987341772151899,1,0.9,1,0.803921568627451,0,1,0.810344827586207,1,0.688473520249221,1,0.533333333333333,1,0,0.9,0.941176470588235,1,1,1,1,1,1,0.988636363636364,1,1,1,1,1,1,1,1,1,0.972972972972973,0.972222222222222,1,1,1,0.829396325459318,0.746666666666667,1,1,1,1,1,0,1,1,1,1,1,0.993006993006993,1,0.748031496062992,1,0.484848484848485,1,1,1,0.63265306122449,1,0.856164383561644,0.734042553191489,0,1,0,1,1,0,1,0.261168384879725,1,1,1,1,1,1,1,0.853107344632768,0.389312977099237,0.972222222222222,0.3125,1,1,0.470588235294118,0.24113475177305,1,1,1,1,0.0158730158730159,1,0.967741935483871,1,0,1,1,1,1,1,0,0.984615384615385,1,1,0.375,1,1,1,0.958333333333333,1,0.707236842105263,0.727272727272727,0.990566037735849,0.875,1,1,0.402298850574713,0.994490358126722,1,1,0.981132075471698,1,1,1,1,1,1,1,1,1,1,1,1,1,1,0.888888888888889,1,0.9,1,1,1,1,1,0.388157894736842,1,1,1,0,1,0.117647058823529,1,1,1,1,1,1,1,0.0638297872340425,0.65625,1,1,1,1,0.694444444444444,0,1,1,1,1,1,1,1,0.993197278911565,1,1,1,1,0.984126984126984,1,1,1,1,1,1,1,1,0.976744186046512,0.573913043478261,1,1,0.986394557823129,1,0.991935483870968,1,1,1,1,1,0.615384615384615,0.990196078431373,0.692708333333333,1,1,1,0.672727272727273,1,0,1,1,1,1,1,1,1,1,0.948387096774194,0.932098765432099,1,1,1,0.941176470588235,1,1,0.979539641943734,0.979220779220779,1,0.994871794871795,0,1,0.988235294117647,1,1,1,1,0,1,0.0833333333333333,1,0.886792452830189,0.973684210526316,1,1,0.149253731343284,0.873015873015873,0.740740740740741,0,1,1,0.486842105263158,1,1,0.991935483870968,0.7,1,1,1,1,1,1,1,1,1,1,1,0.995555555555556,1,0.992805755395683,0.52112676056338,1,0.801282051282051,1,1,0,0.423469387755102,1,1,0.9375,1,0.953488372093023,0.862068965517241,0,1,1,1,1,0.996825396825397,1,0,1,0.464285714285714,1,1,1,0.353846153846154,0.52212389380531,1,1,0.736842105263158,1,1,0.858407079646018,1,1,0.696969696969697,0.857142857142857,1,1,1,1,1,1,1,1,0,1,1,1,0.317596566523605,0.96875,1,0.00363636363636364,1,1,0.935028248587571,0.329411764705882,0.571428571428571,1,0.714285714285714,1,0.00253807106598985,0.142857142857143,0,1,1,0.0851063829787234,1,1,1,1,0.989583333333333,1,1,1,1,1,1,1,0.828282828282828,1,1,1,1,1,0.02,1,1,1,1,1,0.873385012919897,1,0.803921568627451,1,1,0,1,1,0.643356643356643,1,0.882352941176471,0,0.643356643356643,0.977987421383648,0.0662650602409639,0.619718309859155,1,0.844827586206897,0.990654205607477,0,0.959016393442623,1,1,0,1,1,0.461928934010152,1,1,0.241935483870968,1,0.963636363636364,1,0.976744186046512,1,0.95,0,1,0.948148148148148,1,1,0.0769230769230769,0.991266375545852,0.943478260869565,1,1,1,1,0,1,1,1,0.96,1,0.86734693877551,1,1,1,1,1,1,0.994318181818182,0.484848484848485,0.0185185185185185,1,1,1,0.988023952095808,0.721649484536082,0.95,1,0,1,1,1,1,1,1,1,1,1,0,1,0.8475935828877,1,1,1,1,0.9375,1,0,1,0,0.959459459459459,0.0161290322580645,0.8582995951417,0,0.986754966887417,0.240740740740741,1,0.28,1,0.866666666666667,0.846153846153846,1,1,0.988636363636364,1,0.972222222222222,1,0.622047244094488,1,1,0.977777777777778,1,0.992700729927007,1,1,1,0.263013698630137,0.608219178082192,0.0677966101694915,0.635542168674699,0.931623931623932,1,1,1,1,1,0.0277777777777778,1,1,0.995260663507109,0.995305164319249,1,1,1,0.963636363636364,0.852459016393443,1,0.983870967741935,0.983333333333333,1,1,1,1,0,1,1,0.0130718954248366,0.936507936507937,1,0,1,0.96875,1,1,0.111111111111111,0.8375,1,0.945945945945946,0.976190476190476,1,1,1,1,0,1,1,1,1,1,1,0.988095238095238,1,0.51219512195122,1,0.177777777777778,1,0,0.448275862068966,0,0.635258358662614,1,1,1,0.470588235294118,0,1,1,0.994475138121547,1,1,1,1,1,1,1,1,0.193548387096774,1,1,0.993710691823899,1,0.9875,0.533333333333333,0.0384615384615385,1,0.909090909090909,0.71900826446281,1,1,1,1,1,1,1,0.829268292682927,1,1,0.996,1,1,0.959183673469388,1,1,1,0.0699481865284974,1,1,1,1,1,1,1,1,1,1,0.993710691823899,0.994117647058824,1,1,1,0.989583333333333,1,1,0.0485714285714286,1,0.993808049535604,1,0.0909090909090909,1,1,1,1,1,1,0.453125,0.662721893491124,0.748031496062992,0.857142857142857,0,0.0377358490566038,1,1,0.835616438356164,0.92,0,0.961038961038961,0.982456140350877,1,0.420600858369099,1,0.744525547445255,1,1,1,0.871794871794872,1,1,1,1,1,1,1,1,1,1,0,1,0.989247311827957,1,1,0.9,1,1,1,1,0.7,0.727272727272727,1,1,0.662721893491124,1,1,1,1,1,1,1,1,1,1,0.947368421052632,1,0,0.0465116279069767,1,0.74251497005988,0.50887573964497,1,1,1,1,1,0.82051282051282,1,1,1,0.721311475409836,0.729064039408867,1,0.973333333333333,1,0.994444444444444,1,1,1,0.90625,0,0.895522388059702,1,1,1,1,1,1,0.625,1,0.666666666666667,1,1,0.971223021582734,1,1,0.863636363636364,1,0.2,1,1,0.991735537190083,1,1,0.916666666666667,1,1,0.990740740740741,0.0192307692307692,1,0.902702702702703,0.451219512195122,1,1,1,1,0.983333333333333,1,0.562043795620438,1,1,1,0.583333333333333,1,0.980769230769231,0.981132075471698,0.98019801980198,0.0138888888888889,1,1,0.902439024390244,1,1,1,1,1,0.37962962962963,1,1,1,1,1,0.345528455284553,1,0.8125,1,1,1,1,0.012987012987013,1,0,1,1,0.75,1,0,1,1,1,1,1,1,1,0.666666666666667,1,1,1,1,1,1,0.142857142857143,1,1,1,0.129251700680272,1,0.0909090909090909,1,1,1,1,1,1,1,0.851851851851852,1,0.603053435114504,1,0.375,1,0.970588235294118,0.984848484848485,1,1,0.572815533980582,1,0.997126436781609,0.3125,0.997041420118343,0.995145631067961,1,1,0.797752808988764,1,0.391752577319588,1,0.342857142857143,0.949367088607595,1,0.992424242424242,1,1,1,1,1,1,0,1,1,1,1,0.992,1,1,1,0,1,1,1,0.141025641025641,0.0909090909090909,0,1,1,1,1,1,1,1,0.857142857142857,1,0.990909090909091,0.5,0.657142857142857,0.945355191256831,0.888888888888889,1,1,1,0.576,0.523809523809524,1,1,1,0.281879194630872,0.871165644171779,0.993865030674847,1,1,0.990909090909091,0,0,0,1,0.990291262135922,1,0.98989898989899,0.00716845878136201,1,0.662721893491124,1,1,1,0.862068965517241,0.967479674796748,1,0.984227129337539,0.656716417910448,1,0.727272727272727,0.886666666666667,1,1,1,1,1,1,0.509090909090909,0.0555555555555556,1,1,1,0.0526315789473684,1,0,1,0.475,1,1,1,1,1,0.811881188118812,0.719512195121951,1,0.909090909090909,1,1,1,1,1,1,1,1,1,0,1,1,1,1,1,1,0.981366459627329,0.894736842105263,0.970238095238095,0.975757575757576,1,0.990384615384615,1,0.519480519480519,1,0.97752808988764,1,1,1,0.846153846153846,1,0.995967741935484,1,0.960526315789474,0.037037037037037,0.9375,0,0,0.829545454545455,0.789915966386555,1,1,0.722222222222222,0.526627218934911,0.923076923076923,1,0.969465648854962,1,0,1,0.4375,1,1,1,1,1,0.439024390243902,1,0.520547945205479,0.893203883495146,1,1,1,0.528089887640449,1,1,0.509615384615385,0.963235294117647,1,1,1,0.944444444444444,0.925925925925926,0.846938775510204,1,1,1,1,1,1,1,0,0.533333333333333,1,1,1,1,0.897196261682243,1,1,1,1,1,1,0.99644128113879,1,0.991379310344828,1,0.892857142857143,0.0408163265306122,0,1,1,0.880382775119617,1,1,0.128865979381443,1,1,0.0679012345679012,0,1,0.693877551020408,0.0666666666666667,0.978102189781022,1,0.97752808988764,0.372282608695652,1,0.704453441295547,0.984375,0,1,0.97,1,0.997282608695652,1,1,1,1,1,0.474025974025974,0.851851851851852,0.516129032258065,0,0,0.111111111111111,0.593434343434343,0.142857142857143,1,1,0.942857142857143,1,1,1,0.934782608695652,0.977272727272727,1,0.8375,0,0.3,1,1,1,1,0.8,1,0.974619289340102,1,1,1,1,0.990909090909091,1,0.884353741496599,1,1,1,1,1,1,1,0.897196261682243,1,0.496478873239437,0.250871080139373,1,0,1,1,1,0,1,0.775510204081633,1,1,0.992753623188406,1,1,1,1,1,1,0.9921875,1,0.820433436532508,0.576158940397351,1,1,1,1,1,1,0,0.96875,0.00561797752808989,0.111111111111111,0.490683229813665,1,1,1,0.99009900990099,0.347826086956522,0.863636363636364,0.983606557377049,1,1,1,0.346613545816733,0.37344398340249,1,1,1,1,1,0.578947368421053,0.925925925925926,0.643724696356275,0.813008130081301,1,0.125,1,1,0,1,1,0.955017301038062,1,1,0.0271739130434783,1,0.87218045112782,1,1,1,1,1,1,1,1,0.997126436781609,1,0.631111111111111,1,0.603448275862069,1,1,1,1,0.131428571428571,1,1,1,1,0.977777777777778,0.09375,0.0105263157894737,1,0.291666666666667,1,1,0,0,1,1,1,0.556701030927835,1,0,0.96875,0.970149253731343,1,0.533333333333333,1,0.484848484848485,1,0.954545454545455,1,1,0.468571428571429,1,1,1,1,0.484848484848485,0.991304347826087,1,1,1,1,0.991228070175439,0,1,1,1,1,1,1,0.943661971830986,0.125,0.480446927374302,1,1,0.992805755395683,1,1,1,0.991666666666667,1,1,0.875,1,1,1,0.989949748743719,1,0.518987341772152,0.997275204359673,1,0,1,1,1,1,1,0.0517241379310345,1,0.973404255319149,0.666666666666667,0.643356643356643,1,0.955555555555556,0.25,0.288461538461538,0,0.75,1,1,0.833333333333333,0.943089430894309,0.991803278688525,0.541666666666667,1,1,0.992307692307692,1,1,1,1,1,0,0.74,1,0.985915492957746,1,1,0.920634920634921,1,0.227272727272727,1,0.9,0,0,0.98989898989899,1,1,0.0531914893617021,1,1,0,0,1,1,1,0.528301886792453,0.5625,0.986842105263158,1,0.768558951965066,0,1,0.995744680851064,1,0.995708154506438,0.798534798534799,1,0.846153846153846,0.336,0.977941176470588,1,0,0,0.381443298969072,1,1,1,1,1,0.785714285714286,1,1,0.329411764705882,1,1,1,1,1,1,0.666666666666667,0,0.816793893129771,0.925531914893617,0.991935483870968,1,1,1,1,0.991666666666667,1,0.666666666666667,0.3125,1,0.763779527559055,1,0.375,0.457337883959044,1,1,1,1,1,1,1,1,0.888888888888889,1,1,1,0.0526315789473684,1,1,1,1,1,1,1,1,0,1,1,1,1,0.952380952380952,0.779166666666667,1,0.923076923076923,1,0.756410256410256,1,0.875,0.995348837209302,1,1,1,1,1,0.514970059880239,0.596153846153846,1,0.958333333333333,0.189655172413793,0.661538461538462,1,1,1,1,1,0.298611111111111,1,0.62,1,1,0.959239130434783,0.418604651162791,1,1,1,1,1,1,1,1,1,1,1,1,0.997222222222222,0.00374531835205993,0,0.797333333333333,0.77027027027027,1,0.993243243243243,0.993630573248408,0,1,1,1,1,1,0.967032967032967,1,1,1,0.875,1,0,0.515151515151515,1,0.735632183908046,0.991304347826087,0.99290780141844,0.99537037037037,1,0.536764705882353,1,1,1,1,1,0.992957746478873,1,1,1,1,1,0.897727272727273,0.993548387096774,1,1,0,1,0.997435897435897,0,0,0,0.761904761904762,0.993827160493827,1,1,0.06,0.995305164319249,1,0.947089947089947,1,1,1,1,1,1,1,0,0,1,1,1,1,1,1,0.967741935483871,1,1,0.752,1,0,1,0,0,0.5,1,1,1,1,1,1,1,0.97907949790795,0.991935483870968,0.152439024390244,1,0.88,1,0.87218045112782,0.714285714285714,1,1,0.388888888888889,0.0657894736842105,0.433962264150943,0,1,1,1,1,1,1,1,1,1,1,1,0.210526315789474,0.418604651162791,1,1,1,0.875,0.994871794871795,0.619047619047619,0.817073170731707,1,1,1,1,1,1,1,1,1,1,1,0.8125,0.0526315789473684,1,1,1,1,0.910569105691057,1,1,1,0,0.693877551020408,1,1,1,1,1,0.99375,1,1,0.23936170212766,1,1,1,0.564516129032258,1,0.263157894736842,1,0.956349206349206,0.7,1,1,1,0.575,1,0.992156862745098,0.995098039215686,0.984375,1,1,1,0.990384615384615,1,1,1,1,0.663366336633663,0,0.992063492063492,1,0.96,0.666666666666667,0.5,0.716216216216216,1,0.98989898989899,0.844036697247706,0.975609756097561,1,0,1,1,0.470588235294118,1,0.940594059405941,0.0220588235294118,1,0.56989247311828,1,1,1,1,1,1,1,0,1,0.986842105263158,0.0222222222222222,0.916666666666667,1,1,0.477272727272727,0.984375,0.5,0,1,0,0.704225352112676,1,0.995515695067265,0.274853801169591,1,0.983695652173913,1,0.994535519125683,1,1,0.578947368421053,1,1,1,0.96969696969697,0.702072538860104,1,0.994652406417112,1,1,0.072463768115942,1,0.728813559322034,1,0.961538461538462,1,1,0,0.942028985507246,0.882352941176471,0.907407407407407,1,1,0.0740740740740741,1,0.996197718631179,1,15
"RS_09_T_per",1,1,0.997326203208556,1,1,1,1,0.179775280898876,1,1,1,1,0.975609756097561,1,1,1,0.935779816513762,1,0.39622641509434,1,0,1,0,0.938931297709924,0.88785046728972,1,1,1,1,0.838095238095238,1,1,1,0.796747967479675,0,1,0.83448275862069,0.567741935483871,0.909090909090909,1,0.625,0.526315789473684,0.948275862068966,0.991071428571429,1,0.992424242424242,0.982758620689655,1,0.915254237288136,1,1,1,0.9921875,1,1,1,1,0.3,1,1,1,1,0.0743801652892562,1,0.964285714285714,1,1,1,1,1,1,0,1,0.548387096774194,0.358490566037736,1,0.989130434782609,1,1,1,0.900763358778626,1,1,1,1,1,1,1,1,1,1,1,1,1,1,0.584615384615385,1,1,0.808823529411765,0.546099290780142,1,0.942446043165468,0.886792452830189,1,0.3,1,1,1,1,1,1,1,1,1,0.301587301587302,1,1,0.982035928143713,1,0.894736842105263,0.763779527559055,1,1,0.973913043478261,1,0.73936170212766,0.677165354330709,1,1,1,1,1,0,1,0.714285714285714,1,0.990384615384615,1,1,1,1,0.914285714285714,1,1,0.958333333333333,1,1,0.4921875,0,1,1,1,0.842342342342342,1,1,1,1,1,0.954545454545455,0.982758620689655,1,1,1,0.870588235294118,1,1,1,1,0.995238095238095,1,1,1,1,0.00434782608695652,1,1,1,1,0.6,1,1,0.988095238095238,0.5703125,1,0.9375,1,1,1,0.580357142857143,1,1,0.542857142857143,1,1,1,1,1,0,1,1,0.904109589041096,0.948717948717949,0,1,1,0.756637168141593,0.718446601941748,0.574712643678161,0.766816143497758,1,0,0,0.942446043165468,1,1,0.906015037593985,0,0,1,1,1,1,1,1,0.0540540540540541,0,1,1,1,1,1,0.931818181818182,1,0.833333333333333,0,0,1,1,0.666666666666667,0,1,0.699658703071672,1,0.996376811594203,0.67479674796748,1,0.994535519125683,0.855263157894737,0,0.985294117647059,1,1,1,1,1,1,1,1,0.995169082125604,0,1,1,1,1,1,1,1,0,0.0476190476190476,1,1,1,0.763779527559055,0.941176470588235,0.985294117647059,0.0126582278481013,1,1,0.538461538461538,0.95,1,1,1,0.988235294117647,1,1,0.0151515151515152,1,0,1,1,1,1,1,1,0.944444444444444,0.935779816513762,1,1,1,1,0,1,1,0,1,1,1,1,0.665653495440729,1,1,1,1,1,1,1,1,0.915094339622642,1,1,0,1,0.875,1,1,0.987755102040816,0.428571428571429,1,0.741935483870968,0.975460122699387,1,1,0.786885245901639,1,1,1,1,1,1,1,1,1,1,1,1,1,1,0.727272727272727,1,0.803827751196172,1,1,1,0.166666666666667,1,1,0.462068965517241,0.433734939759036,0.95,1,1,1,1,1,0,0.772151898734177,0.99,1,0.983870967741935,1,1,1,1,0.524390243902439,0.803493449781659,0.86,1,0.571428571428571,1,1,1,1,1,1,0.992805755395683,0.903225806451613,1,1,0,1,0.941176470588235,0,0.627659574468085,1,1,1,1,1,1,0,1,0.9375,0.988095238095238,1,1,1,1,1,1,1,1,1,1,1,1,0.786516853932584,0.89922480620155,0.988888888888889,1,1,1,1,0.6,1,1,0.995555555555556,0.954430379746835,1,1,0.975609756097561,1,1,0.468085106382979,1,1,1,1,1,1,0,0.990291262135922,1,1,0.825153374233129,0.771653543307087,1,1,0.72972972972973,1,1,1,1,1,1,0.959183673469388,1,1,1,1,1,1,1,1,1,0.2,0.222222222222222,1,1,0.958333333333333,1,1,0.833333333333333,1,1,1,1,1,1,1,1,1,1,1,1,0.25,1,1,1,1,0.857142857142857,1,1,1,0,0.608,1,1,0.923076923076923,1,0.833333333333333,1,1,0.755102040816326,1,1,1,1,1,1,1,1,1,1,1,1,1,1,0.857142857142857,0.941176470588235,1,1,1,1,1,1,1,1,1,1,0,0.973684210526316,1,1,1,1,1,1,0,1,1,1,0.971428571428571,0.718446601941748,0.567741935483871,1,0.983870967741935,1,0,1,1,1,1,0,1,0.996309963099631,1,1,0.928571428571429,1,0,1,0.961038961038961,1,1,0.433734939759036,1,1,1,1,1,1,1,1,1,0,1,1,1,0.0105263157894737,1,0.992424242424242,1,0.928571428571429,1,1,0.935483870967742,1,1,1,1,1,1,0.8,1,0,0,1,0.981132075471698,0.301587301587302,1,0.838709677419355,1,1,0.991071428571429,1,1,1,1,1,1,0.955445544554455,1,0.995073891625616,1,1,1,1,1,1,1,1,1,1,1,1,1,1,0,1,1,1,0.754716981132076,0.0495867768595041,0.947368421052632,1,1,1,1,1,1,1,0.861111111111111,1,0.859649122807018,0,1,1,1,0,1,1,1,1,1,1,1,1,1,1,0.995145631067961,1,1,1,1,0.463917525773196,1,1,1,1,1,1,1,1,1,0.0206896551724138,1,0.997435897435897,0.925925925925926,1,0.0479452054794521,1,0.985294117647059,0.0294117647058824,0.997005988023952,0.588983050847458,1,1,0.984496124031008,1,1,0.04,0.764705882352941,0.990990990990991,0.981132075471698,1,1,1,1,1,1,1,1,0.816326530612245,0.96,0.992268041237113,1,1,1,1,1,1,0.218181818181818,1,1,0.756756756756757,1,1,1,1,1,0.571428571428571,1,1,1,0.652173913043478,1,0.857142857142857,0.148148148148148,1,0.162162162162162,0.989010989010989,1,0.754716981132076,1,0.973684210526316,0.235294117647059,1,1,1,1,1,1,1,0.463414634146341,1,1,1,1,0.987179487179487,1,0.958333333333333,0.0444444444444444,0.993006993006993,1,1,1,0.67479674796748,1,0.981818181818182,1,1,0,1,0.541666666666667,0,1,0.333333333333333,1,1,1,1,0,0.952380952380952,1,1,1,1,0.505494505494505,0.989010989010989,1,0.838095238095238,1,1,0.9,0,0.990990990990991,1,0.816326530612245,0,1,1,1,0,1,1,1,1,0.529801324503311,1,1,0.993589743589744,0,0.9,1,0.887755102040816,1,0.785714285714286,1,0.125,0.990196078431373,1,1,0,0.350974930362117,0,1,1,1,0,1,1,0.166666666666667,1,1,1,1,1,0.896551724137931,1,1,1,0.966666666666667,1,1,1,1,1,0,1,1,1,0.962264150943396,1,1,1,1,1,1,1,1,1,1,1,1,1,1,1,0,0.452380952380952,1,1,1,0.654761904761905,0.970588235294118,1,1,0.218181818181818,1,1,0.477477477477477,1,1,1,1,1,1,1,0.958333333333333,0.64576802507837,0.975609756097561,1,0.211382113821138,1,1,0.9375,0.788804071246819,0.785714285714286,1,1,1,1,0.987012987012987,1,1,1,0.988304093567251,1,1,1,1,1,1,1,1,1,0.130434782608696,0,1,0.524390243902439,1,0,0.00655737704918033,1,1,1,1,0.756637168141593,1,0.894736842105263,1,1,1,0.851851851851852,0.243243243243243,0.342857142857143,1,0.944444444444444,1,0.791666666666667,1,1,0.99438202247191,1,0,0.992753623188406,0,0.995833333333333,0,1,1,1,0.983870967741935,1,0,1,1,1,1,1,0,1,0.67479674796748,0.975155279503106,1,1,1,1,1,1,1,0.84,0.944444444444444,0.174603174603175,0.952380952380952,0.601941747572815,0.908163265306122,1,1,1,1,1,1,0.817777777777778,1,1,1,1,1,1,1,1,0.85,1,1,1,0.671328671328671,0.664473684210526,0.98,0.990196078431373,0.507751937984496,1,0,0,1,1,0.0173913043478261,0.525714285714286,0.517766497461929,1,0.8,1,1,1,1,1,1,1,1,0,0.0379746835443038,1,1,1,0.583333333333333,1,1,1,0.450549450549451,1,1,1,1,1,0.909090909090909,1,1,1,1,1,1,0,1,0.9375,0.985185185185185,1,1,1,1,1,1,1,1,1,1,0,1,1,0.037037037037037,0,1,1,1,1,1,1,1,0.947368421052632,1,1,1,1,0.352941176470588,0,0.707520891364902,0.748251748251748,0.00943396226415094,0.590909090909091,1,1,1,0,1,1,1,1,1,1,0.944444444444444,1,1,1,1,1,1,1,0.6125,1,1,1,1,1,0.963302752293578,1,1,1,1,1,1,0.803827751196172,1,0.933333333333333,1,0.538461538461538,0.538461538461538,1,0.949579831932773,1,1,0.165384615384615,1,0.583090379008746,0.904761904761905,0.971428571428571,1,1,1,0.974137931034483,1,1,1,0.333333333333333,0,1,1,1,1,0.997198879551821,0.99601593625498,1,1,1,0,1,1,1,1,0.714285714285714,0.9,0.166666666666667,1,1,1,1,1,1,1,1,1,0.961538461538462,0.756756756756757,1,1,1,1,1,1,1,1,0,0.222222222222222,0.618055555555556,1,0.994708994708995,1,1,0,1,0.777777777777778,0.755813953488372,1,0.2,0.992753623188406,0,1,1,0.517766497461929,1,1,1,1,1,0.909090909090909,0,1,1,1,0.944444444444444,0.290155440414508,0.295,0.28780487804878,1,1,0.148648648648649,1,1,0.461538461538462,1,1,1,0,0.763157894736842,1,1,1,1,1,0.451612903225806,1,1,0.928571428571429,0.0105263157894737,1,0.870523415977961,1,1,1,0.984615384615385,1,1,1,1,1,1,1,1,1,1,1,1,1,0.857142857142857,0.786885245901639,1,1,0.863636363636364,1,1,1,1,1,1,1,1,1,1,1,0.764705882352941,1,1,1,1,0.111111111111111,1,0,1,1,0.546099290780142,1,0.0416666666666667,1,1,1,1,1,1,1,0.784,1,1,1,0.981818181818182,1,1,0.944444444444444,1,1,1,1,1,0,1,1,1,1,1,1,1,0.848739495798319,0.94,1,1,1,1,1,0.0158730158730159,0.714285714285714,1,1,1,0.245283018867925,0.916201117318436,1,1,1,1,1,1,0.636792452830189,1,0.948275862068966,1,1,1,0.988505747126437,1,1,1,1,0.032258064516129,0,0.5,1,1,1,1,1,1,0.447852760736196,1,1,1,1,0.960526315789474,1,0.8,0.217647058823529,1,1,1,1,1,0,0.25,1,1,0,1,1,0.443137254901961,1,1,0.834862385321101,1,0.98780487804878,1,1,0.50561797752809,0.652173913043478,0,1,1,0.997435897435897,0.649842271293375,1,0.9,0,1,1,1,1,0,0.825581395348837,0.898496240601504,1,1,1,0.786764705882353,1,1,1,0.983606557377049,0.964285714285714,1,1,0.786764705882353,1,1,1,1,1,1,0,1,0.988571428571429,1,1,1,0,1,1,1,1,1,1,1,1,0.974358974358974,0.477477477477477,0.34375,1,1,1,1,1,1,1,1,1,0.979166666666667,0.537037037037037,0.833333333333333,1,1,1,1,0.941176470588235,0.583333333333333,0.5625,0.0707070707070707,1,0.410714285714286,1,0.0294117647058824,1,1,1,1,1,1,0.697368421052632,1,1,1,0.934426229508197,1,0,0,1,0,1,1,1,0.786885245901639,1,0.9375,1,1,0,1,0.447852760736196,1,1,1,1,1,1,0.958333333333333,0.964285714285714,1,1,1,0.788804071246819,1,1,1,1,0.985185185185185,1,1,1,1,0,0.712435233160622,1,1,1,1,1,1,1,0.538461538461538,1,0.516666666666667,1,1,1,1,1,1,1,1,1,0.987341772151899,1,1,1,1,1,0.5859375,0.546099290780142,1,1,1,1,1,1,0.970588235294118,1,1,0,1,1,0.944444444444444,0.835616438356164,1,0.993377483443709,0.888888888888889,1,0.740484429065744,0.925619834710744,0.0105263157894737,1,1,1,1,1,1,1,1,1,1,0.942446043165468,1,0.00404858299595142,0,0,0.257575757575758,1,1,1,1,0.523809523809524,1,0.96551724137931,1,1,0.966666666666667,0.527093596059113,0.942196531791908,0.00655737704918033,1,1,1,1,1,0.786885245901639,0.989010989010989,1,1,1,0.993006993006993,0.920454545454545,1,1,0.992805755395683,1,1,1,1,1,1,0.548387096774194,1,0.904225352112676,1,1,1,1,1,0.896551724137931,0,1,1,1,1,1,1,1,0.995833333333333,1,0.857142857142857,1,1,1,0.524390243902439,0.560975609756098,1,0.0173913043478261,1,1,1,1,1,0.808823529411765,0.967213114754098,0.962264150943396,0.951351351351351,1,1,1,1,0,1,0.988636363636364,1,1,1,0.025974025974026,0.28,1,1,0.0714285714285714,1,1,0,1,0.451612903225806,0,1,0.117647058823529,1,1,1,1,1,1,0.965686274509804,1,0.627659574468085,1,1,1,1,1,0,1,1,1,1,1,1,1,0.909090909090909,1,1,1,0.0909090909090909,0.988235294117647,0.654761904761905,1,1,0.971428571428571,1,1,0.385245901639344,0,1,0.165384615384615,1,1,0,0,1,1,1,0.845744680851064,1,0.245283018867925,1,1,1,0.851063829787234,0.278969957081545,1,1,0.702127659574468,1,0.574712643678161,0.309090909090909,1,1,0.995348837209302,0.841463414634146,1,1,1,0.845744680851064,1,0.993377483443709,1,0.477477477477477,1,1,1,1,1,0.983606557377049,1,0.673913043478261,1,1,1,1,1,1,0.516666666666667,0.993506493506494,1,1,0.5,0,1,0.825581395348837,1,1,0.990476190476191,0.537688442211055,1,1,1,1,1,0.608,1,1,1,1,1,1,1,1,0,0,0,1,0.985074626865672,1,1,0.207407407407407,1,1,1,1,0.867768595041322,1,1,1,1,1,1,1,1,0.952380952380952,1,1,0.975,1,0,0.6875,0.502304147465438,1,1,0.977777777777778,1,1,0.727272727272727,1,1,0.675675675675676,1,1,1,1,0.245614035087719,0.875,1,1,0.818181818181818,0.769230769230769,1,1,1,1,0.660714285714286,0.654761904761905,1,0.985611510791367,0.992481203007519,1,0.0158730158730159,0,1,1,1,0.841463414634146,1,1,0.878504672897196,1,1,1,1,0.685714285714286,1,1,1,1,1,0.991735537190083,0.00943396226415094,0,1,1,1,1,0.5625,0.972972972972973,1,1,0.965277777777778,1,1,1,1,1,1,1,0.636792452830189,1,1,1,1,1,1,1,0.985294117647059,1,0.720930232558139,1,1,1,1,1,1,1,1,0,1,1,0.578947368421053,1,1,0.8,1,0.985507246376812,1,1,1,1,1,1,1,1,1,1,0.878504672897196,0.904761904761905,1,1,0.0810810810810811,0.833333333333333,0,0,0,1,1,0.991735537190083,1,1,0,0.952380952380952,1,1,1,1,0.3,0.295454545454545,0.312056737588652,1,1,1,1,1,0.994186046511628,1,1,0,0,1,1,1,1,1,0,0.825757575757576,1,1,0.755102040816326,1,1,1,0.909090909090909,0.88,1,1,1,0.777777777777778,1,1,0.992307692307692,1,1,1,1,1,1,0.990291262135922,1,1,0.997005988023952,1,1,0.5,1,1,0.982142857142857,1,1,1,0.982142857142857,1,0.954430379746835,0.0526315789473684,0,0,0.0204081632653061,0.984375,1,1,0,1,1,1,0.0263157894736842,0.0161290322580645,1,0.75,0.988095238095238,0.791666666666667,0.39622641509434,0,0.816091954022989,1,1,1,1,1,1,1,1,1,0.865546218487395,1,0,1,0,0,1,0.983870967741935,1,1,0.988571428571429,1,0.979274611398964,1,1,1,0.538461538461538,0,0.281818181818182,1,0.930232558139535,0,1,1,1,0.257575757575758,0.0526315789473684,1,1,1,1,1,1,0.527093596059113,1,1,1,0.95,0.27906976744186,1,0.988805970149254,0.996563573883162,1,1,0,1,0.142857142857143,1,1,1,1,1,1,1,1,1,1,1,0.238095238095238,1,1,1,1,1,1,0.72972972972973,1,1,1,0.484756097560976,1,0.980952380952381,1,1,0.871527777777778,0.994047619047619,0.975460122699387,1,1,0.322033898305085,0,1,1,0.102564102564103,1,0.583333333333333,1,1,1,1,1,0.99,1,1,1,1,1,1,1,1,1,1,1,0.833333333333333,1,0.791164658634538,0,1,1,1,0.583333333333333,0.222222222222222,0.99468085106383,1,0.983606557377049,1,1,1,0.566666666666667,1,0.149253731343284,1,1,0.970588235294118,0.904761904761905,1,0.935483870967742,1,1,1,0.995555555555556,1,1,1,0.410714285714286,0,0.85,0.0810810810810811,1,0,0.972602739726027,0,0.982035928143713,0.5,1,1,0.0961538461538462,1,0.896551724137931,0.496,1,1,0.994285714285714,0.992424242424242,0.901515151515151,1,0.691275167785235,0.6125,1,0.777777777777778,1,0.590909090909091,1,1,1,1,1,0.3359375,1,1,1,0.808823529411765,1,0.9375,0,0,0,0,1,1,1,1,1,1,8
"RS_10_T_per",1,0.0309278350515464,0.658823529411765,0.99537037037037,1,1,1,0.0131578947368421,1,1,1,0.435643564356436,0.982142857142857,0.88,0.05,1,1,1,1,0.631205673758865,0,0.987212276214834,0,1,0.989690721649485,1,1,1,1,1,1,1,1,1,0.245614035087719,0,0.767441860465116,0.0102040816326531,1,1,1,1,1,1,0.395833333333333,0.73394495412844,0.8,0.785714285714286,1,1,1,0.0309278350515464,0.985294117647059,1,0.993957703927492,1,1,1,0.954545454545455,1,0.252631578947368,1,1,0.982456140350877,1,1,1,0.372093023255814,1,1,1,0.185483870967742,1,0.0263157894736842,0.0625,1,0.857142857142857,1,1,1,0.037037037037037,0.726708074534162,1,0.994594594594595,1,0,0,0.76,0.0210526315789474,1,1,1,0.994764397905759,0,1,0.985507246376812,1,0.782608695652174,0,0.448275862068966,1,1,0.734939759036145,0.994708994708995,1,1,0.846153846153846,0.240740740740741,1,1,1,0,1,1,1,0.0526315789473684,1,0.990769230769231,1,1,1,1,0.875,0.45320197044335,0.727272727272727,1,1,0,1,1,1,1,0.191489361702128,0.5,0,1,1,1,1,1,0.941176470588235,1,0.163265306122449,1,1,0.798107255520505,0.5703125,0.154150197628458,0,0.42,0,1,1,1,0.118279569892473,1,1,1,0.978723404255319,0.00662251655629139,0.970588235294118,1,1,0.585365853658537,0.729096989966555,1,0,1,0.947075208913649,1,0.253333333333333,1,0.6,0.0078125,1,1,1,1,0.9375,1,1,1,1,0.0357142857142857,0,1,1,0.962962962962963,0.00416666666666667,0.785714285714286,0.487179487179487,0.939655172413793,0.991228070175439,0,0.302631578947368,1,1,1,1,1,0.897905759162304,1,0,1,0.991869918699187,0.916167664670659,0.847457627118644,0.997041420118343,0.990196078431373,0.992805755395683,0.155440414507772,0.158415841584158,1,0,0.074468085106383,0.705882352941177,0,0,0,1,1,1,1,1,0.607142857142857,1,1,1,1,0.866666666666667,1,0.957142857142857,0.851612903225806,0.849056603773585,0.0759493670886076,0,1,0.953488372093023,0.434920634920635,0,0.0264550264550265,0.704545454545455,0,1,1,1,0.0173913043478261,0,0,0.680921052631579,1,0.995726495726496,1,1,1,1,1,0.974358974358974,1,0,1,0.701834862385321,0.990536277602524,0.482539682539683,0.493827160493827,0.301204819277108,0,1,0.5,0.533333333333333,1,1,1,0.205882352941176,1,0,1,1,0.615384615384615,0.0212765957446809,0.0256410256410256,1,0.698924731182796,0.025,1,1,0.3,0.330935251798561,0,1,1,1,1,1,0.705882352941177,0.985915492957746,0.989130434782609,1,0.99009900990099,0.962264150943396,1,1,0.00833333333333333,0.8,1,1,0.0526315789473684,1,0.0606060606060606,1,1,1,1,1,0.782608695652174,0.458333333333333,1,1,0.747368421052632,1,1,0.728222996515679,0.205128205128205,1,0,1,0.979591836734694,0,1,0.261538461538462,0.764705882352941,1,1,1,1,1,0.0394736842105263,1,1,0.983606557377049,0.611111111111111,1,1,1,1,1,1,0.99622641509434,0.293413173652695,0.219047619047619,1,1,0.0862068965517241,1,1,1,1,0.996376811594203,0.0198863636363636,0,1,1,1,1,1,0,1,0.972222222222222,0,0.2,1,1,1,1,1,1,0.263157894736842,0.53393665158371,0.65,1,1,1,0.0714285714285714,0.0487804878048781,0.956521739130435,0.956521739130435,1,1,0.928571428571429,0,1,1,0.0504201680672269,1,0,0.96969696969697,0.974358974358974,1,0.0394736842105263,1,1,1,1,1,1,1,1,1,0.826086956521739,0.552380952380952,0.925465838509317,0.0764331210191083,1,1,0.375,1,0.603092783505155,0.938461538461538,0.967741935483871,1,1,1,1,1,0.852459016393443,0.0166666666666667,1,0,0.964285714285714,1,1,1,1,1,1,1,0.996124031007752,0.850393700787402,1,1,0.981818181818182,1,1,1,0.71978021978022,0.952380952380952,0.962616822429907,1,0.0303030303030303,0.91025641025641,1,0.439024390243902,0.0253164556962025,0.657142857142857,1,0.0689655172413793,0.791304347826087,0.755474452554745,1,1,1,0.6,0.6,1,0.845814977973568,0,0,1,1,1,0.875,0.888888888888889,1,1,1,0.578947368421053,0,1,1,0,1,1,0.9,0.882352941176471,1,0.0555555555555556,1,0.907692307692308,1,1,0.680851063829787,0.235294117647059,0.590909090909091,0,1,0.494949494949495,1,0.825,1,0.711711711711712,0.666666666666667,1,0.426900584795322,1,1,1,1,1,0.434210526315789,0.971428571428571,1,1,1,1,0.393939393939394,0,0.956989247311828,1,1,0.182795698924731,0.994987468671679,1,1,1,1,1,1,1,0.975903614457831,1,0,1,1,1,0.909090909090909,0.485714285714286,1,1,0.844155844155844,1,0.826714801444043,1,1,0.584474885844749,0.966101694915254,1,0.848484848484849,0.981818181818182,0.310344827586207,1,0.0746268656716418,1,1,0,0.558139534883721,1,0.115384615384615,1,1,1,1,0,1,0.995433789954338,0.995744680851064,1,0.0714285714285714,1,1,0.725146198830409,0.7,1,1,1,1,0,0.888888888888889,1,1,0,1,1,1,1,1,0.08,0.992307692307692,1,1,0.0434782608695652,1,1,0.75,1,1,1,1,1,1,1,1,0.6,0.740845070422535,1,1,0.0285714285714286,1,1,1,1,1,1,1,1,1,1,0.448818897637795,0.711805555555556,1,0.928571428571429,0.848167539267016,1,1,1,0,1,0.00833333333333333,1,0,1,1,0.383838383838384,0,1,0.798165137614679,0.405940594059406,1,1,1,0.894366197183099,1,1,0.0597826086956522,0.0552486187845304,1,0.389705882352941,1,1,0.918181818181818,0,0.623076923076923,1,1,0.92156862745098,1,1,1,1,1,0.974358974358974,0.889473684210526,1,1,1,1,1,1,0.833333333333333,1,0.892857142857143,1,1,0.284090909090909,1,1,1,1,0.994505494505495,1,1,0.770780856423174,1,0.990291262135922,0,0.984848484848485,0,1,1,1,0.118279569892473,0.885416666666667,0.00530503978779841,1,0.732620320855615,1,1,1,0.577777777777778,0.648,0.875,1,1,0.34453781512605,1,1,0.928571428571429,0.994764397905759,0.0253164556962025,0.00490196078431373,0.271356783919598,1,1,0,1,0.546666666666667,1,1,1,1,0.125,1,0.00416666666666667,0.823529411764706,0.878048780487805,1,1,0.925465838509317,0,1,0,0.0285714285714286,1,0.0192307692307692,0.48936170212766,1,1,0.159090909090909,1,1,1,1,1,0.794871794871795,1,1,1,1,1,1,0.890756302521008,1,0.845833333333333,0.896825396825397,0.703225806451613,0.933734939759036,1,0.950819672131147,1,0.705882352941177,1,1,1,1,1,0,0,1,0.941176470588235,1,0.995215311004785,1,1,0.292993630573248,1,1,1,0.944444444444444,1,0.680851063829787,0.037037037037037,1,1,0.465909090909091,1,0.818181818181818,1,1,1,0.888888888888889,1,0.987179487179487,1,0.967741935483871,1,0.603092783505155,1,1,0.652173913043478,0.652941176470588,1,0.758928571428571,1,0.0377358490566038,0,1,0.0892857142857143,1,1,1,0.4,0.615384615384615,0.933333333333333,1,1,0,0,0.513011152416357,0.98728813559322,1,0.5,0.72027972027972,1,1,1,0.205882352941176,1,0,0,1,1,1,0.833333333333333,0.125827814569536,1,1,1,1,0,0,1,1,1,1,0.939130434782609,0.382978723404255,1,0.911392405063291,1,0.0365853658536585,1,1,1,1,1,0.994186046511628,1,1,1,0.292682926829268,0,0,0.566153846153846,1,0,1,0.953488372093023,1,0,1,1,0.966292134831461,1,1,0.938775510204082,1,0.980952380952381,1,1,1,1,0.727272727272727,1,0.681818181818182,1,1,0,0.0285714285714286,0.0555555555555556,1,0.990740740740741,1,1,0.125,1,1,1,0.283783783783784,1,0.992462311557789,1,1,1,0.711805555555556,0,0.375,1,0.580645161290323,0,1,0.819672131147541,0.0357142857142857,0.880108991825613,0.949640287769784,1,1,1,1,1,1,0.857142857142857,1,0.976076555023923,1,0.981481481481482,1,0.840909090909091,0.49438202247191,0.889473684210526,0.989583333333333,1,0.939024390243902,0.263157894736842,1,1,0.0161290322580645,1,0,1,0,0.370892018779343,0.842105263157895,0.821428571428571,0.554621848739496,1,0,1,1,1,1,1,0.981818181818182,1,1,1,0.408450704225352,0,1,1,1,0.96875,1,1,1,0.222222222222222,0.130597014925373,0.78021978021978,1,1,0,1,1,1,1,0.542857142857143,1,1,1,1,0.9,1,0.939393939393939,1,1,1,1,0,1,1,1,1,0.11214953271028,1,0.9375,0.652173913043478,0.989304812834225,1,0,0.953488372093023,0.7,1,0.0833333333333333,0,0,1,0,0.814814814814815,0.877551020408163,0,1,1,0.0196078431372549,1,1,0.986577181208054,1,1,1,0.83547557840617,0.125,0.345132743362832,1,0,0.0309278350515464,0.185483870967742,0.144,0.130597014925373,0.136,0.889400921658986,0.995495495495496,1,1,0.00645161290322581,1,1,0.365079365079365,1,1,1,0.933333333333333,1,1,0.848484848484849,1,1,0.371428571428571,0.735294117647059,1,1,0,1,0.357142857142857,1,0,0.198347107438017,1,0.997067448680352,1,1,0.318181818181818,0.5,0.700680272108844,0.994350282485876,0,0,1,1,1,0.967741935483871,1,1,1,0.191489361702128,1,0.3125,1,1,1,0.625,1,1,0.505747126436782,1,1,1,1,1,1,1,1,0.577777777777778,0,1,1,1,0.08,1,1,1,0.975409836065574,1,0.993957703927492,1,1,0.480519480519481,1,0,1,1,1,0.663157894736842,0.878205128205128,0.14527027027027,1,1,0.77602523659306,0.760233918128655,1,0.202380952380952,1,1,0,0.00840336134453781,1,1,1,1,1,1,0.589812332439678,0.989795918367347,1,0.947368421052632,0,0.6171875,0.675213675213675,0.720720720720721,0.189655172413793,1,0.5,1,1,1,0.75,1,1,0.833333333333333,1,1,0.238095238095238,0.591176470588235,1,1,1,1,0.636363636363636,0,0.96,1,1,0,0.902097902097902,1,0.857142857142857,0.844155844155844,0.947368421052632,1,1,1,1,1,1,1,0.818181818181818,1,0,0.565656565656566,0.0172413793103448,0.767123287671233,0.751243781094527,1,1,1,1,0,1,1,1,1,0,0,0,1,1,1,1,1,1,1,0.458333333333333,0.78125,1,0.2,1,1,0.994152046783626,0.9,1,1,0,1,1,1,0.910714285714286,0.962466487935657,0.92817679558011,1,1,1,1,1,1,0,1,1,1,0.262135922330097,1,1,1,0.985714285714286,0.588235294117647,1,0.990291262135922,0.450909090909091,1,1,1,1,1,1,1,0.996078431372549,1,1,1,0.116279069767442,1,1,1,1,1,0.894366197183099,0.0138888888888889,0.982758620689655,0,1,0.540540540540541,1,0.625,0.643312101910828,1,1,1,1,0.796703296703297,1,0.981481481481482,0.0659340659340659,1,0.262295081967213,0.49438202247191,0.7,1,0.707692307692308,1,0.855421686746988,0.952941176470588,0.822485207100592,0.606936416184971,1,0,0.5,1,1,1,1,1,0.202380952380952,0.432835820895522,0.449704142011834,1,1,1,1,0,1,0.243055555555556,1,1,0.537037037037037,1,0,1,1,1,0.795918367346939,0,0.989304812834225,0,1,0.277777777777778,0.986486486486487,1,1,1,1,0.94949494949495,1,1,1,0,1,1,1,1,1,0.475,1,0,0,1,1,1,0.382978723404255,1,0,1,0.939024390243902,1,1,1,1,0.074468085106383,0,1,1,1,0.0769230769230769,1,0.710526315789474,1,1,0.994117647058824,0.975609756097561,0.0238095238095238,0.992753623188406,1,0.202380952380952,0.718918918918919,0.67005076142132,1,1,1,1,0,0,0,1,1,0.975409836065574,1,0.01,1,0.850909090909091,0.181818181818182,1,1,0.195652173913043,1,1,0.909090909090909,0.875,1,1,0.487179487179487,1,0.0794979079497908,0.76,1,1,1,1,0.0625,0.909090909090909,1,1,0.196078431372549,1,0,1,1,1,1,1,1,1,0.388888888888889,0.878504672897196,1,0.0833333333333333,0.995327102803738,1,1,1,1,1,0.68,0.872282608695652,1,0.333333333333333,0.226744186046512,1,1,0.0659340659340659,1,0.919254658385093,0.975206611570248,0.974358974358974,0.942857142857143,0.989130434782609,1,1,0.947368421052632,0.777777777777778,1,1,1,1,1,0.574074074074074,1,1,1,0.854545454545454,1,0.983333333333333,0,0,1,1,0.846774193548387,0.76,1,1,0.912087912087912,1,1,0.971830985915493,0,0.330935251798561,0.681318681318681,1,0.735294117647059,1,1,1,0,1,0.0153846153846154,1,1,1,0.0567375886524823,0.0675675675675676,1,1,0.990740740740741,0.985185185185185,1,1,0.988235294117647,0,1,0.909395973154362,1,0.64367816091954,0.76,1,1,0,1,0.518518518518518,0.769230769230769,0.450909090909091,1,1,1,1,1,0.94,1,1,1,0.994871794871795,1,1,1,0,0,0,0,1,1,1,0.857142857142857,1,0.86,0.994318181818182,1,0,0.142857142857143,1,0,0.0625,1,1,0.751351351351351,0.792270531400966,0.974358974358974,0,0.433566433566434,0,0.141025641025641,1,1,1,0.889502762430939,0.62037037037037,0.415549597855228,0.918781725888325,1,1,1,0.770780856423174,0,0,0,0.408450704225352,0.0504201680672269,1,0.853185595567867,0.992647058823529,0.975409836065574,1,0.918781725888325,0.98876404494382,0.125,1,0.0581395348837209,0.627906976744186,0.538461538461538,1,1,1,1,0.152941176470588,0.924050632911392,0.877551020408163,1,1,1,1,0.857142857142857,1,1,1,0.0257731958762887,0.994623655913978,1,1,1,1,0.957446808510638,0,1,0.229508196721311,0.791666666666667,0,1,1,1,0,0.99622641509434,0.857142857142857,1,0.37037037037037,1,1,0.995594713656388,0.032258064516129,1,1,0.782608695652174,0,1,0.487179487179487,0.00952380952380952,1,0.951219512195122,1,1,1,1,0,0.145833333333333,0,0.615384615384615,0,1,1,1,0.917431192660551,0.953488372093023,1,0.878205128205128,1,1,1,0.00934579439252336,0.019047619047619,1,1,0.993957703927492,1,0.990867579908676,0,0.5,0.00571428571428571,0.0117647058823529,0.993865030674847,1,0.651162790697674,0.887700534759358,0,0.972222222222222,0.0882352941176471,1,0.8,1,0.370879120879121,1,1,1,0.761904761904762,1,1,1,1,1,0.375,0.318181818181818,0.857142857142857,0,1,0.0714285714285714,1,1,1,1,0,1,0.652173913043478,1,1,1,0,1,1,0.974358974358974,1,1,0.00393700787401575,0,1,1,1,0.99492385786802,1,0,1,1,1,1,1,1,1,1,1,1,1,1,1,1,1,1,0.94,1,1,1,1,1,0,1,1,1,1,1,1,1,0.6,0.992753623188406,1,1,0.6,1,1,1,1,1,1,0.266666666666667,1,1,1,1,0.994505494505495,1,0.975609756097561,1,1,1,1,1,1,1,1,0.861111111111111,0.990049751243781,0.866666666666667,0.735294117647059,0.266666666666667,0.732394366197183,0,0,0.0851063829787234,0.953488372093023,1,1,1,0.493150684931507,0.507246376811594,0.552486187845304,1,1,1,1,1,0.859375,1,0.84,0.814814814814815,1,1,0,1,1,0.990867579908676,1,0,1,1,0,0,1,1,1,0.0256410256410256,1,1,0,0,0.950980392156863,0.76,1,1,0.545454545454545,1,0.973684210526316,0.932642487046632,0,1,0.995495495495496,0.995412844036697,0.995348837209302,0.633744855967078,1,1,1,1,1,0.0135135135135135,0.0222222222222222,1,1,1,0.49438202247191,1,0.684210526315789,1,1,1,0.037037037037037,0.831168831168831,0.96875,0.756410256410256,0.758793969849246,0.762273901808786,0.032258064516129,0.285714285714286,0.875,0.223728813559322,0,1,1,1,1,1,0.996598639455782,0.729096989966555,0.819672131147541,0.990740740740741,1,1,1,0.916666666666667,1,1,0.994186046511628,1,1,1,1,0,0,0.487179487179487,1,1,1,0.0833333333333333,1,1,1,1,1,1,1,1,0,1,0.378378378378378,1,1,0.461538461538462,1,1,1,1,0.55,1,1,1,0.240963855421687,1,0.988636363636364,0.95,1,0,0,1,1,0.13953488372093,1,0.454545454545455,0.371428571428571,1,1,1,0,0.964285714285714,0.494949494949495,0.96969696969697,1,0.566153846153846,0.0542168674698795,1,1,1,1,1,1,0.618556701030928,1,0.985714285714286,1,0.857142857142857,1,1,0.432432432432432,0,0,1,1,1,0.985507246376812,0,1,1,1,1,0.918181818181818,1,1,1,1,0.857142857142857,1,0,0.115384615384615,0.76,1,0.907216494845361,0.53,1,1,0.844155844155844,1,1,1,1,1,1,0.991869918699187,1,1,0,1,1,1,1,1,0.7,1,1,0.0470588235294118,0,0,0,1,1,1,0.842105263157895,0.993377483443709,0.65,0.884146341463415,1,1,1,1,1,0.633136094674556,1,0.158415841584158,0,1,1,1,1,1,1,0.888888888888889,1,1,0.361538461538462,0.94,0,0.828125,0,0.0137931034482759,1,1,1,0.882352941176471,1,1,0.996197718631179,1,0.782608695652174,0.0210526315789474,0,1,0.9375,1,1,1,0.791666666666667,1,0.694915254237288,0,0,0.345132743362832,1,0.749253731343284,1,1,1,0.958333333333333,1,1,1,1,1,0.861111111111111,0.859154929577465,1,1,1,0.989528795811518,1,0.954545454545455,0.844155844155844,1,0.958333333333333,1,1,1,1,1,1,1,1,0.0166666666666667,1,0.0487804878048781,1,1,1,1,0.660606060606061,0.973684210526316,1,1,0,1,1,1,0.987341772151899,1,1,1,1,1,0.908376963350785,0.966666666666667,0.502994011976048,0.629441624365482,0.992307692307692,1,0.448275862068966,1,1,0.732394366197183,1,1,1,0,0.637362637362637,0.918781725888325,1,1,1,0,1,1,0.912087912087912,0.777777777777778,1,0,1,0,1,1,1,0.75609756097561,1,1,0.037037037037037,0.992700729927007,0,1,0.995689655172414,0,0.919354838709677,1,0.373626373626374,1,0.973684210526316,0.292682926829268,1,0.736111111111111,1,1,1,1,1,1,1,0,0.9375,1,0.0754716981132075,1,1,0,1,0.423728813559322,0.0197368421052632,1,1,0,1,1,1,0.538461538461538,1,0.575609756097561,0.994736842105263,0.994845360824742,0.994186046511628,1,0,1,0.704433497536946,0.12037037037037,0.5625,0.390804597701149,1,1,1,0.984848484848485,1,1,1,0.785714285714286,0.985130111524164,1,1,0,0.769230769230769,0.718918918918919,0.847457627118644,1,1,0.0555555555555556,1,0.00952380952380952,0.991869918699187,20
